100 INDEX VERBORUM.

κακίαν 37, 14. 11, 10. 12, 15. 12, 17. 13,
κακοῖς 11, 14. 37, 12. 3. 13, 4. 13, 8. 13, 10. 13,
κακοῦν 21, 9. 14.14,4.14,13.15,5.17,
καλεῖν] καλοῦμεν 3, 9. 7,14. 20. 18, 2. 20, 4. 20, 9. 21,
καλοῦσι(ν) 8, 7. 9, 5. 22, 6. 5. 21,14. 22,1. 25,10. 26,
38, 10. 44, 8. 44, 17,18. 17. 27, 3. 27, 7. 27,11. 27,
62, 1. καλούντων 75, 3. ἔκα- 13. 27, 21. 28, 14. 28, 15.
λουν 17, 5, 6. 21,13. 57, 29, 19. 30, 9. 30, 11. 30, 14.
12, 13. 63, 5. 75, 6. ἐκάλε- 30, 17. 30, 18. 31, 2. 32, 3.
σαν 18, 3. 32, 2. 55, 4. 69, 32, 19. 34, 7. 34, 18. 35,
17. 72,18. καλεῖσθαι 8, 4. 15. 35, 21. 37, 2. 37, 15.
καλεῖται 2, 4. 3, 5. 5, 2. 43, 37,· 16. 39, 14. 39, 20. 40, 6.
14. 46, 4. 47, 19. 57, 8. 59, 40, 14. 40, 18. 41, 1. 41, 20.
3. καλοῦνται 14, 7. 65, 4. 42, 8. 42, 20. 45, 1. 45, 9.
ἐκλήθη 2, 12. 5, 7. 9, 11. 45, 22. 45, 23. 45, 24. 47,
37, 19. 39, 3. 53, 10. 54, 9. 21. 48, 10. 48, 13. 49, 11.
60, 8. 61, 12.· 66, 2. 68, 4. 50, 15. 51, 1. 51, 8. 51, 13.
69, 10. κληθεῖσα4, 13. κεκλῆ- 51, 19. 53, 6. 53, 8. 53, 18.
σθαι 2, 2. κέκληται 20, 21. 55, 10. 56, 8. 56, 16. 57, 8.

30,19. κεκλημένος 58, 2. 57, 16. 58, 9. 58, 14. 58, 16.
καλλιεπής 17, 7. 60, 23. 63, 1. 63, 2. 63, 7.
Καλλιόπη 17, 6. 63, 22. 64, 1. 64, 12. 66, 1.
κάλλιστα 2, 5. 66, 16. 67, 11. 69, 6. 69, 7.
κάλλιστος 66, 17. καλλίστη 45, 69, 16. 69, 17. 70, 7. 70, 10.

8. καλλίστην 29, 2. 72,11. 73,13. 73, 18. 73, 20.
καλλίφωνος 17, 6. 74, 2. 74, 11. 74, 19. 76,14.
καλόν34, 19. 48, 6. -λῶν(τῶν-) 76,15.

47,9.1Ο. κατα (3. gen. 39, 16. 40, 9.

καλύπτοι29, 7. -πτεσθαι 53, 17. 54, 14. 55, 1. 61, 21.
καλῶς 19, 20. 51, 16. 55,17. καταβιβρωσκομένου32, 16.

74,12. καταδεδειχέναι 61,18.
καμνειν] κεκμηκέναι 2, 9. καταθέλγεσθαι 22, 21.

καν (= καὶ ἄν) 70,16.(= καὶ καταιβάτης 9,13.

ἔαν) 46, 8. καταιγίδας 9, 8.
καν 53,14. 7Ο,17. καταλληλον 3'4,16,17. 39, 3.
καος 28, 9. καταπαύειν] κατέπαυον 53,16.
κάπρος '54, 21. καταπίνειν 6, 20. καταπιών

καρπόν 56, 21. -οὖ 54, 20, 21. 35, 19. καταποθείς 7, 14.
60, 1. -οἶς 51, 13. -ῶν 50, 22. καταποθῆναι 7, 8.

καρποφόρων 23, 6. καταπίπτειν] κατεπίπτομεν 70,
καρτερώτατον 63, 21. 16.

κατα c. acc. 4, 3. 4, 13. 4, καταπολεμεῖν] κατεπολέμησε
155,1.5,,23.,ὅ4.5,5. 39,21.

5, 10. 6, 8. 7, 2. 7, 3. 8, 10. κατάποσις 7,10,11.
9, 14. 10, 4. 10, 14. 11, 3. καταράττουσι 5,16.

