108

ὁλοσχέρειαν 37,17.
ὁλοσχερέστερον 64, 5.
Ὀλύμπιοι 27, 5.
ὄμβροι 5,15.
’Ὄμηρος 20, 13.
-ήρῳ 26,12.
ὁμιλεῖν 69,15.
ὁμιλίας 16, 2.
ὁμίχλην 75, 5.
ὄμματα 22,11.

-ων 5, 11.
-ηρον 45, 24.

-άτων 36, 18.

ὀμνύειν 76,14.
ὁμόγνιον 9, 5.
ὁμοειδῆ 66,10. -εῑς 9,12.
ὁμοίαν 33, 20. όμοιον 47, 8.
ὁμοιόσχημον 29, 6.
ὁμοιότητα 62, 4.
ὁμοίως 38, 15. 40, 6. 66, 12.
ὁμολογίας 25,10.
ὁμολογούμενος 17, 13.
ὁμοῦ 4,18.
Ὀμφαίην 30, 6.
Ὀμφαλη 64, 8.
ὀμφαλος 67,12.
ὀμφῆς 64, 13. 67, 13.
ὁμωνυμίαν 18, 10. 25, 21.
όνειροι 22,18. -είρους22, 16.
ὄνομα 9,11.36, 1. (τοῦνὸμα)
45, 20. (τοῦν.) 46, 15. 58, 6.
68, 16. (τούν.) 73, 6. -όματι
16,13. -όματος 22, 7. 71, 3.
-όματα 15, 11. 27, 20. 65, 9.
ὀνομαζουσιν 5, 4. ὠνόμασεν
28,17. -αν 67, 2. 74, 11.
(ὀνομασθαι 2, 14. 57, 3. 65,
19. ὠνόμασται 4,15. 13, 5.
20, 21, 22. 27,17. 38, 1.
40, 19. 57, 14. 63, 3. 67, 15.
ὠνομασμένος 33, 15. 47, 21.
-ον 28, 9. 44, 11. -νου 54,
20. -η 13,13,14. 44,16,
17. -ης 47, 16. -αι 20, 7,
8. 44, 7. -ων 10, 6. 10, 22.

-ην 64, 14.

INDEX VERBORUM.

11, 1. 12, 13, 14.1 43,10.
ὠνομάσθη 2, 3. 30, 8, 9. 70,
5. 74, 19, 20.

ὀνομασίαν 16, 16. 40, 20. 45,
6. 54, 7. 59, 7. -ίας 10,14.
-ιῶν 9,18.

ονος 61, 1. ὅνους 41, 9.
τῷ όντι 23, 20. 33, 2. 69, 20.
ὄντως 11, 9. 54, 11. 58, 9.
ὀξύρροπον 39,11.
ὀξεῖς 65,13.
ὀξύτατον 10,17.
ὀπηδεῖν 17, 10.
ὀπηδοῐς 47,18.
’Όπις 13, 20.
οπισθεν 13, 21.
ὡπλισμένον 63, 17.
ὁπλότατον 31,1o.
’ὅπλων 40,10. 57,
-οις 64, 3.
ὁποῖον 6, 17.
ὁπόταν 24, 7. (-μάλιστα) 71, 7.
ὅπου 35, 14. 40, 10. 41, 16.
54, 9. 59, 20.

ὁππότε 27, 5.
ὀπώρας 58,15.59,16.

ὁρᾶν] ὁρᾶσθαι 2, 4. 16,12. ·
ὁρωμένη 1,2 12. -ένην 72,
16,17. ἕώρων 2,18. ἰδεῖν
5, 18. ἰδόντες 47, 10. 55,
14,15. ὀφθῆναι 66,17.
ὀργάνου 43, 4. ὄργανα 15, 9.
17,11. -ανοις 60,1.

ὄργια 59, 23.

ὀρείαν 5,19. ορειον 50, 6.
ὀρείφοιτοι 61, 9.
ὀρεσίφοιτον 71, 12.

ὀρθά 23,17.

12. 63, 21.

ὀρθῶς 56, 20.

ὁρίζων 1, 4.

ορκους 46, 7. -ων 46, 8.
ὁρμᾶν 59,10.

ὁρμή 28,1.9 -αἴς 34, 11.

ὁρμητικόν 59,15.

