INDEX VERBORUM.

ὄρνεον 62, 1. -έων 46,10.
68,10.

ὄρνις 10,17. 47,6. -ιν 41,15.
ὄρος 5, 18. 58, 4. -ὄρη 29,

17. 29, 20. ὄρεσι 6,1. 17,
16. 50, 4. ὀρῶν5, 16. 6, 4.
56, 11. 72, 7.

3ς23, 20. 24,8. 26,3. 30,19.
47,4.,6517.82,1..214
5,8.,51'8.10‚.’,13132’20,
21. 28, 9. 28, 13. 36, 21. 41,
4. 49, 8. 52, 14. 56, 3. 57,
3. 59,10. 61, 15. 65, 19. 72,
11. ὅν 4,14. 7,14. 20‚19.
26,17.27,13.3.0 9. 30, 11.
30,14. 30, 17. 30, 18. 50, 15.
54, 4. 63, 1’. 73, 13. οὗ (ἀφ’ -)
2, 2. (οΞφ’ -) 37, 22. (ἀφ’ —)
383. (,,ἔξ- )38, 12. (ἀφ’ -,)38
17. (αφ’ -) 42, 10. 55, 1.
(ἀφ’ --) 60, 8. (αφ’ —) 61, 1.
(ἐξ-) 73 3. ᾦ7, 12. 31, ’16.
35, 2. 51, 18. ἐφ’ ᾧ quam-
05181113,2’0.ἤ41,1.ἤν6,12.
7,,,.,.,.,22841217131132.

17, 9. '17, 15. 25, 10. 31, 2.

32,.2 41,6. 55,.4 64,’13.
66’,.1 66,16 67,16.
76, 15. ἧς 13, 1. 17, 7.17,

19ἶ 7ο,12. 0⁷Z'68 1’ 38,
8.14,.’5 28,1. 28,.17 49,

19. 50, 17. 51, 2. 52,14. 59,

23. 62,14. αἵθ, 10. ἅς 11,
15. 38,15. 46, 9. 48,13.

οἷς 2, 5. 6, 16. 11, 1. 15, 1.
15, 2 bis. 41, 13. 53, 5. 57,
20. 75, 8. 0392, 18. 67, 15.
ὧν 15, 4. 19, 17. 19, 18. 22,
13. 23, 21. 27, 1 49,15. 53,
21. 57, 7. 69, 3.

Ὄσιρις 54, 17.

ὅσον (παρ’ -) 46, 8. (καθ’ -)
51,13.70,15.

ὅσα 7, 2. 17, 1. -ων 9,17.
ὅσπερ] ὅπερ 4, 5. 22, 9. 22,

73, 9.

109

22 27, 9. ἅπερ 45, 1. ὦνπερ
49,10.

ὅς τε] 31 τε 46,1.

ὅστις] οτι 17, 8. 65, 17. ’ὅτῳ
nescio cui codd. 34, 5. ἥτίς
3, 16. 39, 10. 44, 20. 58, 15.
ὁστισοῦν] οὑτινοσοῦν 61,17.
ὅτε 7,13. 26, 14. 34, 21. 42,
20. vide ἔσθ’ ὅτε.

ὅτε μεν — ὅτε δέ 72, 3.

ὅτι 2, 8. (quia) 3, 9. (quia)5

2. (quia)5,12. 67. 6,13.

7, 21. 11, 19. 17, 12. 23, 19.

27, 7. 31, 19. (quia.) 33, 7.

34,16. 36,11.(quia)37,12.

41, 19. (quia) 46, 15. (quia)
,6 bis. 48,18. 62,10. 62,

12. 64, 10. 65, 15. 70, 9. 70,

14. 76, 2.

ὅτι μάλιστα 49, 2.

οὐ (οὐκ, οὐχ) 7,15. 8, 11. 12,

3. 13, 2. 17, 8. 18, 2. 19, 4.

19, 12. 20, 16. 21, 9. ’21, 15.

24, 9. 25, 21. 26, 14. 34, 16.

35, 18. 36, 21. 37, 8 bis. 37,

10. 39, 1. 40, 9. 40, 10. 40,

14. 42,3. 46,.6 50,3. 51,

20. 52, 5. 56, 20. 57, 12. 63,

7.,6315. 64,.2 64,14. 64,

15. 64, 17. 67, 12. 71, 3. 72,

7. 72,12. 73,.6 73,18. 76,2.

ov3a523188v 35, 20, 21.

οὐδὲ 84, 17. 49, 15.

οὐδείς] οὐδέν 8, 16. 10, 16.

17, 19. 33, 7. 40, 17. 47, 1.

-ενός 37,10,11.

οὐδέποτε 2,15.

οὐδός 53,1'1.

οὐκέτι 11011 stem 52,17.

οὗλαί 54, 8. ἀς 54, 8.

οὖν7,.1 7,10. 28,15. 35,19.
40,1’3.41,4.,41 21.

Οὐρανία 17, 4.

