 

INDEX VERBORUM.

παλαιότατος 34, 14.
παλαίστραις 26, 1.

παλάμαις 11, 2, 3. 57, 14, 15.
παλαμναῖος ’',10 21. -άίους
10, 22.

πάλιν 7, 3. 19, 20. 23,8 . 28,
2. 28, 11. 41, 1. 51, 12. 52,
1. 62, 11. 62, 14. 64, 9. 70, 2.
παλλακαί 38, 4.

Παλλάς 27, 6. 38, 2
πάλληκες 38, 4.

παλλομενον 38, 5.
παμμέλανας 42,13.

Πᾶνα 49, 5,

πάνδημος 46, 4.

πανηγύρει 56, 24.

Πανικάς 50, 7.

παννύχιον 37, 9.
πανουργοτέραν 37,16.
πανσέληνος 71, 8. -ον 72, 10.
πανταχόθεν 53,17.
πανταχόσε 27, ²13.

πανταχοῦ 63, 22. 64, 17. 71, 15.
πάντοθεν 66, 5.

παντοίων 50, 2.

πάντως 19,12, 13.

πάνυ7, 2. 8, 6. 26,.,.43416
36, 20. 53,19. 56, 6.
πάππας 48, 2.

παρά c.acc.13,13.13,14.
20, 21. 24, 14. 27, 16. 32,
18. 42, 3. 42, 4. 43, 11. (—— ὅσον)
46, 7. 47, 20. 54, 18. 55, 12,
58ζ,1.,.,.5918592460,6.
παράο.ι1αί;. 3,10. 6,11. 6,
15. 6,16. 6,1.8 15, 1bis.
15, 2 bis. 26, 8. 26, 9 bis.
26,10. 26, 12. 31,17. 34,
13. 36, 21. 41, 13. 42, 19. 44,
4. 54, 16. 54, 18. 55, 2. 55,
3. 57, 4. 62, 16. 64, 8.
παρά c. gen. 21, 19.31,14..
παραβλῶπας 12, 8.
παραγγείλας 10,1.
παράγοντες 38,11. παράγεται

111
45, 8. ·ήχθη 74, 23. ·ή-χθη
σαν 15,10. ·ήγαγον 65. 3.

παραγαγών 9, 21.
παραδειχθησομένην 4,15. -δε-
δειγμένην 5,10. -δεδειγμένα
7, 6. 76, 1, 2.
παραδεξαμένων 44, 3.
παραδιδοάσιν 2Ο,16. -δίδοται
39, 13. ·δι’δονται 47, 17. πα-
ραδοῦναι 76, 8. παρέδοσαν
64, 4. -έδωκαν 25,13. παρα-
δόντων 62, 12. ·δεδωκασιν 18,
15. -ότων 47, 4. -δεδόσθαι
44, 23. 75,18,76, 1. -δέδο-
ται 3,16. 17, 15. 21, 18. 33,
19. 40, 14. 71, 2. -δέδονται
73,13. -δεδόμένου 31,19.
-μέναις 27, 21.
παράδοξον 47, 1, 2.
παραθέσει 75, 16
παραιτία 42, 1. -ας 75, 11.
παρακειμένη 3,12.
παρακειμένως46, 15, 16. 65, 6, 7.
παρακμάζειν] παρηκμακός '10,8.
παρακολουθοῦσα 13, 21. -ούσας
60,16,17.
παρακοπάς 60, 7.
παραλαμβάνουσα 59, 23. παρ·
ειληφότος 31,15. -ηφυῖα
17, 2. παρειλημμένου 71, 3, 4.
παραλλήλων 69, 3. -
παραμυθητέον 41, 20, 21.
παραπλησίαν 66, 11.
παρασκευάζεται 36,12.

παραστάσει 12, 7, 8. -άστασιν
πέιὸρατΙοῒξεις 64, 3, ·εσιν 41, 8.
-εων 39,12.

παρατηροῦσα 14,1.
παραφέρειν 26,16.
παράφορον 59,12.
παραχρῆμα 29, 5, 6.
παρδάλεις 36, l.7 60,16.
παρδαλῆν 49,18.
παρεδρία 6, 17.

