 

ἰ
³2

mDEx VERBORUM. 85

βουλευόμενον 74,12.
βουλῆς 35, 21. -αῐς 24, 3.
βούλημα 22, 2.
βουληφόρον 37, 9.
βούπαιδος 66,1.5
βοιψίν 38,15.
βραδυτέρας 34, 2.
βρασμόν 4, 3.
βρέφη 23,11.
Βριάρεως 27,17.
27,12.
βριήπυος 41, 8.
βρίθων 51,,12.
βρόμιος 59, 2.
βροντάς 9, 7. βροντῶν 5,12.
βροτολοιγός 41, 7.

βωμόν 25,13,14. βωμοί 12, 6.

Βριάρεων

[ζ ,

γαιάς 42, 2.

γαιήοχος 42, 21.

γαίων 27, 18.

γάλλων 6,16.

γαμουμένας 44, 7, 8.

γάρ2, 9. 2, 18. 3, 17. 3,19.
5,.,.56207,.57,.,11715.

8, 11. '8,15. ’9, 21.'10, 3. 10,
16. 11, 10. 11, 21. 12, 4. 13,
16. 13, 18. 14, 12. 16, 8. 17,
5. 17, 15. 19, 7. 20, 17. 21,
9. 21, 13. 21, 16. 23, 2. 25,
3. 25, 14. 26, 2. 26, 16. 27,
17. ‘29, 1. 29, 13. 29, 18. 30,

3. 330, 10. 30, 12. 32,

50, 8.

3. 32,
6. 32, 16. 33, 2. 33, 3. 33, 4.
33, 13. 33, 16. 34, 8. 35, 2.
36, 9. 36, 13. 37, 7. 37, 13.
38, 2. 38, 5. 38, 12. 39, 5.
39, 15. 40, 2. 40, 17. 41, 3.
42, 5. 44, 5. 45, 11. 45, 23.
47, 13. 48, 14. 49, 1. 49, 13.
52, 6. 53, 20. 54, 2.
54, 16. 55, 17. 56, 9. 57, 3.
57, 13. 57, 19. 58, 9. 58, 12.

61, 3. 62, 9. 62, 19. 63, 5.
63, 9. 63, 4. 63, 20. 65, 2.
65, 11. 66, 17. 68, 6. 68, 8.
69, 11. 70, 4. 70, 8. 70, 13.
71, 9. 72, 5. 73,14. 74,10.
γε 40, 12 46, 13.
γεγωνόν 41,10. -οὖ 21, 20.
γενεαλογίαις 27, 21. -ίας 31, 13.
γενειῶντας 23,17.
γένεσις 30, 2. ’58, 14. γενέσεως
7, 12. 7, 22. -έσει 29, 2. 31,
12. γένεσιν 31, 11. 35, 18.
51, 5 (hoc 1. fort. γέννησιν
1eg3..)
γενική 3,12.
γενικώτατα 72, 9.
γενναῖον 34,19. 40,11. 58,
12. -αίους 63, 5.
γενναιότατα 5,19.
γενναιότητος 6⁹3, 19.
γεννᾶν 28,19. 29, 1. γεννᾷ
51, 2. γεννῶσι(ν) 9, 4. 56,
13. γεννῶντα 51, 1. γεννᾶ-
σθαι 61, 11. γεννωμένου 7, 6.
-ωμενα 56,17. γεννῆσαι 14,
3. 17, 21. ’29, 17. 57, 7. ἐγέν-
νησε(ν) 29, 6. 29,10. 35,20.
48,19. γε’γεννῆσθαι 23, 7.
γέννημα 23, 8 34, 20.
γέννησις 58, 14. vid. γένεσις.
γεννητικήν 52,16.
γένος 31, 20. 56, 4.

7. -η 15, 4. 37, 15.
γεραίροντες 55, 8.
γεραιτέρων 64, 7.
γέροντα 44,18.
γεωργεῖσθαι 23, 5.
γεωργοί 60, 24. 62, 12. ¹
γῆ 53, 8. 56, 13. γῇ 4, 11.
42, 4. 46, 5. γῆν 1, 2. 3, 11.
4, 12. 7, 14. 8, 2. 9, 9. 26,
20. 34, 3. 48, 15. 52, 11. 53,
7. 54, 18. 54, 19. 72, 20. 73,
9. 74, 7. γῆς 1, 2. 3, 17.

-ους 63,

