80 INDEX VERBORUM.

ἀναθυμιάσειςὸ, 3. 27, 14. ·εσιν
49,15. -εων 29, 11.
ἀναιρεῖν 40, 20. 41, 1. ἀνῃρη-
κέναι 40, '1. ἀνελεῖν 54, 21.
ἀνακεῖσθάι 68,15.
ἀναλαμβάνεσθαι 14, 6. ἀνα-
λαμβάνουσαν 72, 11.
ἀναλύεσθαι 53,13.
ἀνανεάζειν 70, 10.
ἀναπαίστοις 61, 21, 22.
ἀνάπαλιν 46,12.
ἀναπαύεσθαι 69,17.
ἀναπλάττουσιν 42, 17. ἀνεπλά-

σθη 66, 13.
ἀναπνεόμενον 69, 19.
ἀναπόδραστος 13, 13.
ἀναρθρον 61, 8.
ἀναρίθμητοι 56,12,13.
ἀναρριπτεῑσθαι 54, 5.

ἀναστρέφεσθαι 72, 7.
ῗέρέέονται 40, 5.

ἀνατέλλων 69,11.

ἀνατιθέασι 6, 7. 9, 6. 33, 9,
10. 36, 15. 56, 8. -έντες5,
11,12. -ετίθεσαν 65,14.
ἀνατίθενται 37, 6. 61, 2. ἀνέ-
θηκαν 69, 8.

ἀνατρέφειν, ἀνετράφη 7,12.
Ἀναφαίου 67, 4.

ἀναφαίνων 61, 13. -οντος 67, 5.
Ἀνάφην 67, 6.

ἀναχωρεῖν 17,18.
ἁνδάνων 5, 4, 5. ἀνδάνοντος

ἀνα-
-ομένους

5, 6. ἁδεῖν 54, 19.
ἀνδρεῖον 40, 11.

ἀῖῗκξυτα (v. 1. ἀνέκπλυτα)

ἀνέκφεύκτος 13,13.
ἀνέμων 50, 2.
ἀνεμποδίστως 19,16.
ἀνεπιστρεφές 41,14,15.
ἀνέρπων 62, 5, 6.
ἀνευρισκόμενος 54,17.

ἀνήρ] ἄνδρα 37, 9. ἀνδρός 10,
7. ἄνδρες 68, 7. ἀνδρῶν 22, 11.
ἀνηρέμητος 49,12.

ἀνθηρόν 59,16.

ἀνθρώπινον 54,11.
ἀνθρωπόμορφα 49, 7.
ἄνθρωπον 20, 20. ·ώπου 35,
12 43,12. ανθρωποι 19, 7.
32, 4. 56, 14. 66, 16. -ώποις
13, 20. 21, 19, 20. 24, 6.
25, 8. 25, 15. 32, 9. 40, 10.
45, 9. 52, 12, 13. 53, 21. 54,
11. 54, 20. 70, 3, 4. -πους
11, 10 39,15.67,10, 11. 69,
16. -πων9, 2. 10, 1. 31, 20.
35,3‚.’‚‚.'4734574,12.
ἀνθυπουργοῦντά 20, 4.
ἀνιέντα 74,18.

άνισον 34,1.

ἀνιστᾶσι 39, 8.

ἀντί7, 7. 11,15.30, 12.
ἀντιποιούμενον 34,18,19.
ἀντιτάττειν] ἀντέταξε 27,12.
κατ’ ἀντίφρασιν 5, 4. 69, 17,
18.74,19.

ἀντρώδεσι 56,12.

ἀνύειν 23, 15'. -ύεται 30,18.
άνω1,.4 2,4, 9,.6 33,22.
ανωθεν 5, 15. 31, 19. 38, 7.
ἀνωμαλία 56,10.
ἀνώμαλον 29, 20. 34, 1.
ἀνωτάτω 35,13.
ἀνωφερῆ 48,13.

ἄξια 14, 2. -αι 21, 17.
11,18.2Ο,17.
ἀξιοθέατον 29, 3
ἀξιοῦσιν 24,10. ἠξιώθη 63, 9.
ἀξύλῳ 13,16.

ἀοιδοί 68, 7.

ἀόρατος 5, 3.

άορνος 75, 3.

ἀπαγορευτικός 25, 20
ἀπαθανατισμόν 63, 18.
ἀπαμφιασμόν 59,18,19.

-ίοις

