 

INDEX VERBORUM. 93
ἐντός 50, 21. 56, 11. ἐπειδή 7, 2. 9, 18. 14, 4. 15,

ἐντρέχεια 32, 17. 39, 21. 17. 17, 17. 19, 18. 19, 19.
'Evvm 40, 8. 40, 17. -οῦς4ο, 15. 21, 20. 33, 10. 34, 14. 35,
ἕξ 54, 18. 20. 41, 21. 43, 12. 44, 24.
ἐξαπάτας 45, 24. 49, 5. 49, 14. 51, 1. 55, 11.
Ἴ ἐξάπτοντες 32, 13. 67, 1. 68, 12. 71, 14.

. ἐξαριθμεῖται 30, 3. ἕπεξήγησιν 10, 14.
ἕξαρτᾶν] ἐξηρτηκέναι 26, 20. ἐπερχόμενοι 5, 16, 17. ἐπελ-
ἐξεληλακέναι 40, 1. &dvm 63, 15.
ἐξελίττων 8, 9. ἐπέσχε Q, 5.
ἐξεργαστικοῦτερον 76, 6. u· ἔπη 22, 5.
ἐξευρίσκεται 17, 19. 18, 6. ἐπί c. acc. (ὥς-τὸ πολύ) 4, 7.
ἐξεχόντων 50, 14. 5, 12. 8, 2. 13, 2. 14, 13.
ἐξήγησις 31, 13. 17, 8. 17, 20. 25, 22. 27, 20.
ἐξημεοούσης 60, 20. 28, 19. 40, 12: 43, 17. 47,
ἑξῆς 29, 17. 52, 4. 20. 49, 4. 54, 3. 54, 13. 61,

· ἐξιλαστικῶς 69, 18. 14. 63, 13. 64, 16. 67, 21.
ἔξοδον 42, 6. 70, 15. 73, 3. 76, 1. 76, 9.
ἐξοχάς 29, 20. 30, 1. 56, 11. ἐπί ο. dat. 3, 20. 7, 18. 10,
ἐξόχως 6, 16. 12. 11, 1. 12, 7. 25,19. 29,
ἐξοχώτατοι» 20, 21. 9. 32,15. 42, 23. 68, 7. 74,
ἐξυδατοόδη 27, 10. 1. 74, 22.
ἔξω 37, 3. 67, 1. ἐπὶ e. gen. 1, 2. 7, 16. 8, 14.
ἔξωθεν 71, 17. 10, 5. 20, 20. 31, 2. 43, 1.

ἐξωτάτω 2, 12. 47, 1. 47, 13. 52, 8. 52, 9.
ἕοιιιεοι) 6, 11. 13, 6. 26, 16. 52,12. 52, 13. 54,1. 61,10.
52, 5. 54, 1. 56,12. 70, 13. 66, 12. 71, 10.

ἑορτήν 55, 13. ἐπιβαίνειν] ἐπιβεβηκότας 3, 18.

ἐπάγεσθαι 46, 8, 9. 73, 2. ἐπιβάλλειν 15, 6. -οντος 18,
ἐπήγαγεν 26, 4. , 14. 25, 11. τὸ ἐπιβάλλον 13,
ἐπακολουθεῖν Ι ἐπηκολούθησεν 18. 51, 14. τοῦ επιβάλλοντος
50, 5, 6. 57, 9. τῶν ἐπιβαλλόντων12, 12.
ἐπακούει 11, 20. · ἐπιβουλεύειν] ἐπεβούλευε 27, 8.
ἐπαμύνειν 38, 12. ἐπιβουλήν 62, 17.
ἔπανδρον36,14. -οἷνδρου 38,2Ο. ἐπίδειξιν 50, 4.

ἐπανθεῖν 44, 19. ἐπιδεξίως 16, 5.

ἐπανόρθωσει 25, 19. ἐπιδορατίδας 60, 4, 5.
ἐπαφρόδιτον 48, 6. ἐπιεικής 40, 19.

ἐπεί 3, 13. 5, 15. 6, 2. 6, 5. ἐπιζητοῦσι 52, 14.

10, 8. 16,14. 22, 2. 23, 14. ἐπιζητήσεως 47, 12.

24, 4. 32,12. 33, 22. 35,12. ἐπιθετικόν 41, 11, 12.

42, 13. 43, 3. 46,16. 47, 7. ἑπιθετικῶς 74, 14.

50, 2. 51, 7. 51, 8. 51, 21. ἐπιθέτοις 66, 19.

53, 3. 53, 4. 58, 14. 69, 5. ἐπιθυμίαι 73, 15. -ας 45, 18.
70, 11. ἐπεκλήθη 72, 13.

