122

26, 12. 27, 1. 27, 3. 28, 1.
29, 4. 30, 8. 32, 16. 32, 20.
33, 6. 34, 3. 37, 10. 40, 3.
41, 8. 41, 12. 42, 8. 42, 22.
48, 14. 50, 2. 52, 7. 52, 16.
53,17. 54,17. 55,1. 55,10.
57, 7. 62,10. 62, 11. 63, 8.
64,11. 69,19.

ὑπόδειγμα 15,18. 51,16.
ὑποδεικνύντα 55, 15, 16. --ὃεδει
ὑῗέδοξιῖλοῒὲντῒς 23, 7.
ὑποζευγνύουσι 60, 16.
ὑπολαβόντων 35,10. 56, 21.
ὑπελάμβανον 2,18.
ὑπομένειν] ὑπέμεινεν 29,18.
ὑπομιμνήσκοντες 39,19.
ὑπόμνησιν 23, 4. 75, 9.
ὑπομονήν 55, 7.

υπονοεῖ 45, 6, 7. ὑπονοῶ 64,
8. -ενόησαν73, 14. -νοητέον
32,1. 75,12.
ὑπόνοιαν 74, 3, 4.
ὑπονόμοις 56,12.
ὑποστάσεως 9, 3.
33,18.
ὑποστηριούντων 60, 3.
ὑποτάττειν 64,10,11. ὑπο-
τάττεσθαι 36, 6. ὑπέταξεν 39,
21. ὑποτέτακται 30, 15.
ὑπουργεῖν 19, 11. -οὗντα 20, 1.
ὑπουργίαν 20, 3.

ὑς 46, 12. 54, 22. 56, 6.
’ὕστερον 12, 9.

ὑφαιρούμενος 25, 14.
ὑφίστησιν 3, 20. ὑφίστασθαι
4, 5 ὑφίσταται8, 16. ὑφιστα-
μένου 28,13,14. ὑποστᾶσα
29,19. ὑφέστηκεν 53, 4.
ὑψόθεν 26,14.

ὑπόστασιν

Φ.

φαεννός 35, 16.
φαίνειν 21, 12. 44, 7. φαίνε-

INDEX VERBORUM.

σθαι 44, 6. 44, 8, 9. φαίνεται

27, 7. φαίνονται 5,17. 66,

,17 ο-μὲνου 72,16. -ομένων

74, 7. φῆναι 58, 5.

φαέἒαγαὲζιαΞΜ, 2.

α οί

Ξαμέν 34, 8. 35, 6. φασί(ν)

2,1. 2,13. 7, 6. 17,16.

32, 8. 36, 19. 37, 14. 41,

23... δι’, ἑ.. ⁶³2⁷.. ἐς

56, 3. 68, 8. ἔφην 74, 6.

ἔφη 12, 6. 20, 13. 31, 11.

ἔφαμεν 7, 22. 74, 3. ἔφασαν

2, 6. 4, 8. 8, 10. 18, 7. 19,

22, 20, 1. 21, 19. 23, 7. 28,

15. 32, 21. 33, 4. 33, 15,

16. 34, 3. 34, 7. 46, 7. 70,

ΞΟ ἔξ, 7. 75, 15. φησάντων
, .

Φαναῖον 67, 3.

φανερόν 74, 23.

φανερῶς 73, 15.

φαντασίαν 11, 14. -ας 22, 18.

φαρ ακείας 71, 5.

φαρὲακίσι 73, 1.

φασγανίων 75, 7, 8.

ειδώ 23, 5.

ἶέρει22, 4. -ουσι 23, 3. -ουσῶν

73, 17. -εσθαι2, 1’.4 47, 20.

55, 7. εται 22, 4. -όμενον

f8,15.-051.-⁴3'vovs·2, 1.9 ἐνεγκεῖν

φεύγων 62, 16, 17. -ουσαν 72,3.

φθαρτῶν 5, 8.

φθείρειν 6'5,11. -ῃ 69, 19.
-ούσης 51, 11. φθείρεσθαι
ganan 30, 4.

φθίσει 25, 6.

φθόγγους 15, 9.

φιλεῖν 19, 3. 46, 15. -έῃ 56, 5.
φιλέρημοι 61, 9, 10.
φιλημάτων 46, 12. 48,1.
φιλομειδής 45,1Ο.

