104

λοιμικῶς 69, 7.
λοιμῷ 65,15.
λοξίας 67, 15.
λοξῶν 67,14,
λοξότητος 67,15,16.
λοχευθῆναι 58, 6, 7.

λυαῖον 58, 3.

λύειν 66, 7. -οντα 58, 3. -οντος
23, 1. -ουσαν 73, 10.
λύκιον 69, 8, 9.
λυκοκτόνον 69, 9.
Λυκοῦργος 62, 20.
62,17.

λυμαντικός 41, 3.
λύρας 25, 9.
λυσίζωνον 73, 9, 10.
λύσιον 58, 2.

-οἴς 69, 5.

-ούργου

-όν 60, 21.

M.

Μάγοις 26, 9.

μαθημάτων 14, 4, 5.

Μαίας 23, 6.

μαῖαι 23,10.

Μαινάδες 60, 9.

μαινόλης 60, 8.

μαιούμεναι 23, 9. μαιώσασθαι
μακάρεσσιν 29, 8.

μακραίωσιν 29, 9.

μακρόθεν 5‚1'8.47‚ 10.
μακρός] -άς 48,12.
μακροτέραν 8, 5.

μαλακά 14, 9.

μαλακιζομένοις 52, 2, 3.
μάλιστα6, 13. 15, 1⁹7. 17, 9.
19,.2 32,.8 38,6. 38,15.
39, 9. 39, 20. 41, 12. 45, 8.
46, 10. 46, 17. 49, 2. 49, 12.
51, 4. 71, 7, 8. 71, 14.
μᾶλλον 16, 20. 18, 6. 21, 10.
33, 5. 37, 19.

μαντείας 68,17.

μαντείου 67, 9. μαντεῖα 59, 20.
μαντικήν 67, 8.

INDEX VERBORUM.

μάντις 22,16,17.65,16.
μάρπτειν] μέμαρπται 12,17.
μαρτύριον 26,11. -ίῳ 57, 2.
μαρτυροποιουμένου 24, 15.
μάστιξ 11, 13.
μάχῃ 39, 13.
μάχιμον 34,17.
μῗέομῗέἶζῗΐὲἰῖἷζ
Μέγαιρα 11, 5.
μεγαίροντος 11, 6.
μεγαλεπιβούλους 44,12,13.
μεγαλοπρεπές 50, 6.
μεγαλωφελής 21, 5.

μεγάλους 19, 5.

μέγεθος 50,18.

μεγίστης 41⁷, 8. μεγίσται 36,
13. μεγίστας 36,12.
Μεγιστώ 30, 5.

μέθης 59, 5.

μεθυόντων 61, 6.
μεθυσκομένων 59, 14. 59, 21, 22.
μειδήματα 45, 23.

μειδιάματα 45,11.

μειλιχίῳ 34,17.

μείλιχον 12, 2.

μέλαν 42,14.

μελετῆς 14, 5.

μέλλων 27, 8.

μέλους 16, 7. 38, 19.
μέλπουσι 16, 8. -ονται 16, 7, 8.
Μελπομένη 16, 6.

μέν passim. non sequente δέ.
μένειν 55, 3. μένει 39, 2.
μένος 26, 6. 58, 9.

μέντοι 33, 9. 53, 18.
μερίδων 19.,13.

μερίμνας 58, 3.

μέρος 2,12.3,14.12,16.16,
11. 35, 13. 38, 9. 43,12. 54,
18. 63, 2. 67, 18. -ους 28,
14. -η 62, 14. 63, 15. μέρεσι
29,19.67,19. μερῶν 25,1.
27, 16, 17. 48, 17.

-αις 37, 18.

·ένους 57,

