112

πάρεδρον 39,9,10.
45,12.
παρεῖναι 29, 1.
παρεισάγει 65,15. -άγουσι
10, 7. -άγοντες 22, 7. παρ-
εισάγεσθαι 36, 19. 49, 9.
-αγεται 50, 22, 23. 52, 14.
-άγονται 13, 4. 19, 10. 60,
12, 13. -άγοιτο 63, 22. -οἷγο-

μένη 39,11. -ήγα ον 5,13,
14. 6, 2’. 66, 9.
-ἧκται 67, 17.
παρεισεληλυθότος 55, 11.
παρεληλυθέναι 58, 5.
παρέχειν 16, 12 51,17. παρα-
σχεθῆναι 46, 8.
παρθενία 36, 8.
παρθένος 52,15.

-έδρους

1, 12, 13.

-ία 39, 2.

-ένον 73,
19. -ένων 52,16,17.

παριέναι] παρειμένα 23,18.
-ένους 22, 14.

παριόντων 24, 12. -οὖσι 24, 18.
παριστᾷ 21, 20. -ίστησι 16,17.
34, 16. 56, 9. 59, 16. 61,19.
-ιξτᾶσι(ν) 2, 9. 5’1, 4. 70, 8.
-άντες 6, 7. 23, 18. 36,11.
38, 8, 9. 56, 7, 8. -αντος 19,
4. 58, 8. -αντων 50, 18. -ίστα-
σθαι 19,15,16. 37, 14. -αται
59, 11. 70, ⁷13. -μένης 49, 13.
-σταμένου 48,18. -παραστῆ-
σαι 25,11.
παρορᾶν] παριδόντας 12, 9.
παρορμᾶν 22,14. -ωρμημέ-
vpvg 22,15.
παρφασιν 16, 1.
πᾶσα 32, 7. πᾶσαν 9,19. 24,
1. πασῃ 60,10. πᾶν 13,2.16,
17. 67, 18. παντός (διά-) 3,
56,10.,.,,.9929111237,
.(δια-)52,6. 61,16,17.
πάντα 1, 3. 3, 9. 11, 20 bis.

12, 18. 18, 6. 21, 12⁹. 25, 5.

27, 10. 27, 11. 29, 7. 36, 3.
39, 5. 43, 7. 44, 24. 48, 18.

INDEX VERBORUM.

51, 19. 52, 1. 52, 10. 53, 3.
53, 10. 57, 8. 67, 5. 71,10.
παντας 27, 14,15. 44,12.
πάντων 1, 4. 5, 7, 8. 7, 17.
8,11.9,11.10,16.11,21.

1'6‚8‘.3i‚.945‚9.428,.74s,’

17. miste») 2, 5. 24, 6. 67,
19. πᾶσαι 20, 7. 69,13.

πασῶν 39, 6. τὸ πᾶν 2'8,11.
τῷ παντί 49, 5.

πασχουσιν 47, 9. 70, 9.

πατοῦντας 59, 4.

πατήρ 9, 1. 9, 20.
-έρες 9, 3, 4.

πάτησιν ⁹:58 16.

πατρια 46, 11

πατρῷον 9,15.

παύειν 74,13. παῖ-σαι 7,19.
ἐπαύσαντο 56,14. πεπαῦ-
σθαι 57,1.

Παφίας 45, 21.

Παφος 45, 21.

παχεῖαν 33,19.

παχυμερέστεραι 33, 17.

παχυμερέστατος 4,17.

ἐπέδησε 8, 5.

πέδιλα 22, 3.

πεδοσείων 4,14,15.

πείθειν] πεισθείς 76, 2. πε-
ποιθότα 64, 3. -ι 26, 3.

πειθοῖ 17, 8. 45, 14.

Πειθώ 45,13.

πειρῶσι 46, 9. πειρῶντες 60,
13,14. πειρῶντας 46, 9. πει-

-έρα 4, 1.

ρᾶται 32, 18.
πέλαγος 29, 17. -οὶγους 42, 13.
πζῗθδτῗς 67,1. -εσι 73, 3.

πεπαίνεσθαι 58,11. πεπαν-
θέντα 73,18.

πέπανσιν 58,15.

περ 46, 1.

πέρας '12, 18.

περίο. aec. 4, 11. 6, 9. 8,11.
15,15.16,17.16,18.17,4.

