 

INDEX VERBORUM. 87

δατεῖσθαι 52,13. δατεῖται
δάφνη 68,11.
δαφοινή 68,11.
δαψίλειαν 50, 21.
δαψιλῆ 45, 1.

δέ passim.

δεῖν 19, 16. 64, 7. δεῖ 18, 1.
19, 19. 2ο, 16. 24, 5. 27, 19.
33, 8. 44, 24. 63, 8. 64, 11.
70,12. δέοντος 12,3. 18, 8,
9.19, 13. 20, 5. 241. 25, 5.
26‚f,.’,2316432.59,.270‚
16. δέουσαν 24, 3. τα δέοντα
δεδεκέναι 34,
δεινότατος 31, 9, 10.
δεινότης 39, 6.

δεῖπνα 72,19.

δεῖσθαι 57, 5. 60, 4. δεῖται
23, 15. 32, 18.
δεισιδαιμονεῖν 76,13.
δεισιδαιμόνως 50,16.

Δελφοῖς 67, 9.
δενδροκοποῦνται 57,19.
δένδρα 62, 5. δένδρων 57,17.
δεόντως 69, 10.

δεξιᾷ 10,1.3 51, 7.
δέρκεσθαι] δέδορκε 37, 7. δρα-
κεῖν 54, 2.

δεύειν 3,10.

δεῦρο 65, 6. 67, 10.
Δεύς3,10.Δεδς 3,12.
δευτέρα 58,16.

δεχόμενος 74,15. δεχόμενον
20, 2. 74, 5.
δή8,4.9,10.16,19.23,.20
24, 8. 28, 13, 28,17. 30, 19.
33, 4. 37, 22. 47, 4. 49, 8.
60, 8. 62, 14.

δήειν 52,13.

Δήλιον 67, 2.

δῆλον 2, 11.

Δῆλον 67, 6.

12. δεθείς 32,

δηιονότι 22, 12. 26, 20. 42, 1.
δηλοῦντα 6, 13, 14. -οὖντος
71, 4. -οὖσθαι 67, 3.
Δημήτηρ 52, 17. 53, 18. 54,
10. 56, 5. 57, 4. Δήμητραν
52,10. 56,18. Δήμητρι 55,
14. 56, 6. Δήμητρος 52, 4.
54, 1. 54, 12. 55, 5.
Δηρῖητριακοῦ 54, 20.
δημιουργός 13, 20.

δήμοις 17, 7.

Δηώ 52, 11.
διαο.ει.οο.,13.3,6.3,9.
4, 2. 4, 3. 4, 5. 4, 7. 5, 7.
6, 4. 6. 15. 9, 2. 9, 10. 9, 11.
10, 9. 10, 17. 10, 18. 10, 19.
11, 16. 12, 4. 12, 6. 12, 13.
13, 10. 14, 10. 15, 3. 15, 4.
15, 8. 16, 3. 16, 4. 16, 10.
16, 11. 17, 9. 17, 14. 17, 15.
18, 2. 18, 10. 18, 12. 20, 11.
20, 13. 22, 6. 22, 9. 23, 2.
24, 5. 25, 21. 28, 10. 31, 11.
32, 12. 32, 23. 33, 2. 33, 7.
33, 11. 33, 19. 34, 4. 35, 17.
36, 2. 36, 4. 36, 13. 36, 19.
37, 5. 37, 14. 37, 18. 37, 19.
38, 2. 38, 21 bis. 39, 11. 39,
17. 40,13. 41,10. 41,16.
42, 13. 43, 15. 44, 4. 44, 11.
44, 18. 44, 22. 45, 5. 45, 7.
45, 8. 45,10. 45,13. 45,15.
45, 16. 45, 17. 46, 5. 46’‚ 12.
46, 14. 46, 15. 47, 4. 47, 14.
48, 16. 49, 6. 49, 7. 49, 10.
49, 18. 50, 1. 50, 12. 52, 1.
52, 6. 52, 7. 52, 8. 52, 9. 52,
15. 53, 2. 53, 4. 53, 7. 53, »
22. 54, 13. 54, 21. 55, 4. 55,
5. 56, 13. 57, 6. 57, 18. 58,
11. 59, 4. 59, 20. 60, 10. 60,
17. 60, 21. 60, 25. 61, 3. 61,
10. 61, 14. 62, 3. 62, 8. 63,
8. 65, 2. 65, 5. 66, 8. 67, 2.

