2 γ’ ,νύμφαι 44, 5.

 

INDEX VERBORUM.

-αις 60, 13.
-ηας 44, 8. 49, 14.
νῦν 12, 15. 13⁹, 15
17.41’,20.44,8,.767
νύξ] νύκτα 18, 3. νυκτί 18,
1. 71, 15. νυκτός 18, 4. 18,

29,11. 31,

6. 29, 16. 71,14. 72,16.
νύκτας 17, 20. 69,16.ν·υξι’
Νύξ 29,13. Νύκτα 28, 6.
Νυκτός 28, 6.
Νύσιον 58, 4.
νύττοντες 39, 19.
νυχίαν 72, 17.
νῶτα 43, 17.

Ξ.
ξένιον 9,15.
ξενίων 19, 4.
ξηραίνεσθαι 68, 2.
ξυλώδους 33, 21, 22.
’ξύλῳ 63,16. ξύλων 39, 8, 9.
ξυνδῆσαι 27, 5.

Ο.

ὃ, ἡ, τό ceteraeque articuli
formae passim. ,Ητοῦ καθ’ ο
38, 9. τοῦ παρ’ ο 36, 21.
τῷ = διὰ τό) c. inf. 9, 6.
10, 21. 11, 14. 12, 9. 15,10.
, 19, 2. 23, 10. 23, 12. 26, 19.
28,18. 30, 19. 39, 3. 46, 10. 51,
16. 52,11. 53,12. 53,14. 55,
6. 60, 14. 65, 5.- 67,17. 68,
9. 74, 9. τῷ καθώς 22, 4, 5.
ὄβριμοπατρις 40,15.
ογκησεως 41,11.

ss οδε 53,11. ταδε 58,14.

ὅδεύουσα 72, 15.
ὁδόν 24, 3. 24, 15.
·οῖ’ς 23, 22.
ὀδόντα 55,1.
ὀδυνηραῖς 32,19.

-ᾦ 24, 7.

107

ὀδυνηφόρου 60, 6.
οθεν2, 12. 5, 3. 21, 10. 25,
16. 33,.15 4’1,.’,.:948253
8. 57, 4. 61, 20.

οἴεσθαι] οἴονται 19, 15. 65,

18. οἶμαι 31, 14. 47, 16.
οἰκεῖν 3, 13. 11, 16.
οἰκεῖον 10, 9. 40, 12. 51, 18.
59, 22. 68, 14. 72, 5. -εῑα
45, 11. είαις 50, 21. -είους
51, 19. τῶν οἰκείων 51, 15.
οἰκειότητα 62, 8.
οἰκείως 13, 11. 26, 5. 50, 11.
53, 19. 5'6, 6. 57, 16. 64, 3.
66, 9. 75, 14. 76, 10.
οἰκνματα 43,1.
οἰκίαις 73, 2.
οἰκητήριον 29, 10. 45, 21.
οἷκον 51,16. οἴκου 37, 21.
-ους 53, 6 -ων 21, 7.
οἰκονομία 37, 4.
οἰκουμένης 53, 22, 23. -
οἶνος 57, 21. 58, 9. 59, 19. 61,
3. 62, 21. -ov 58, 12. 60, 3.
61, 11. -ov 60,1'5. ’
οἰνώσεως 60, 20.
οἷον 20, 23. 21, 12. 25, 9. 36,
3.36,17. 46,’.,’.,2521856
20. 58, 1. 62, 9. 75, 17.
οἶος] οια 35, 18. οῖάν 74, 3.
οἷον (m.) 34, 7.
οἷονεί 2,15.4,14. 7,14. 28,
9. 52, 11. 70,10.
οἷόντε 11, 21.49,15,16. 63,16.
οἰστικήν 55, 6.
ἷένὲῗὲῗίἶέξὲὶοῖἷ 328· 2 62,
23. 66,11. τῶν ολων3, 1.
3,.,'.,.,.’7⁷2217437448, ⁴.
16.49,17. ·

,ὀλίγον 17, 16.

ὀλλύναι 57,14.

τὸ ὅλον omnino 30,10.
ὅλον (masc.) 17, 5. 48, 5. 52, 9.

,ὀλοόφρονα 48,15.

