 

INDEX VERBORUM.

λάσια 49, 6.
λατρείαν 64, 8.
Λάχεσις 13, 8.
λέγειν 20, 22. λέγομεν 2, 9,
10. 34, 10. λέγουσι(ν) 25, 17.
⁵ 42,14. ἕλε’γομεν8, 4. ἔλεγον
36, 8 56, 18. λέγοντα 65, 15.
λέγεσθαι 21, 8. 50, 7. λέγε-
ται3,.7 39. 3,13.4,17.
6, 2οῘ 9, 1.’ 10, '17. 10,' 20.
11,18. 14‚3. 17, 21. 21,15.
23, 22, 24, 1. 25, 2. 25, 18,
19. 29,17. 32, 5. 33, 6.
34, 4. 34, 20. 35, 9. 37, 9,
10. 38, 2. 38, 16. 41, 7.
41, 13. 42,11. 42, 21. 43,
18. 44, 3. 44, 20. 45, 10,
54, 21. 57, 7. 58, 6. 66,18.
70, 17. 74, 9. λέγονται 11,
16. 15,1.19,17.20,8.
54, 8. λεγομένης 45, 21, 22.
73, 12. λεγόμενον 26, '12. ·ε’νου
29, 11. 51, 2, 3. λεγόμεναι
11,4. 11,14. λεγομένων 74,
16. 75, 7. λεκτέον 41,19.
52, 5. ἐλέχθη 67, 11. εἴπομεν
55, 4. εἰποῦσαν 7, 8. -όντες
45, 3. ·όντων 36, 3. εἰρῆ-
σθαι 8, 1. 32,1. 47,12. 48,
15,16. 56, 21. 59, 20. 66, 3.
εἴρηται 6, 15. 14, 8. 18, 14.
19, 13. 22, 5. 42, 9. 43, 5.
43,15,16. 45, 16. 47,14.
53,.10. 55, 17. 64, 5. 69,
12. 76, 6. εἴρηνται 23,10.
εἰρημένος εἴη 66, 8. -μένον

7, 3. 43, 13. 67, 7. -μένου

42, 15. ’μένην22, 19. -μένης

4,10. -μένοις 27, 12. ·μένων
24,11. 30,1. 31,11. ἐρρήθη
9, 20. 28, 19. ῥἠθείη 3, 8.
ρηθέντων 29,16.

λείας 37,19.

λείους 23, 18.

λεοντῆ 63, 12.

103

λεπτομέρειαν 28, 10.
λεπτομεριμνίας 32, 20.
λεπτομεροῦς 29,1.2
λεπτοτέρας 8, 2.
λεπτότητα 3,19.
λεπτυνόμενος 29, 15.
28,15.

λέσχαις 69,15.
λεσχηνόριον 69,14.
Λευκοθέα 44, 20.
λευκον 21 13. 44, 21. -0253, 16.
λευκότατον 68, 9. -άτου 53,18.

-μένου

λευκῶς 21,12.

λέων 63, 20.
-οντας 6,1.

ληιβότειρας 54, 22.

ληῖτις 37,19.

λήξει 13, 8.

λιάν 8, 4.

λιβάδος 75, 13.

Λίβυσι 26, 11.

λύθος7, 13,14. -,ου7 6. ·ους

λίμνη 74, 23. 75, 4.

λιμός 56, 4. ’

λιμώττειν 56, 2.

λιπαρόν 10,19.

Λιτάς 12, 5.

λιτανείας 12,10.

λογικήν 64,13.
49, 8, 9.

λογισμοῦ 26, 2.

λόγος 4, 13. 8, 13, 14. 15, 5.
20,19. 21,10. 23,19. 25,
19. 29, 5. 30, 8. 31, 9. 51,

-οντες 36, 17.

όν 20, 20.

» 13. 62, 23. -ov 7, 3. 8, 10.

114 188 221 22,3.
239 252348 3914,

15. 39, 21. 40,6', 7. 40,14. „

(κατὰ-)56, 8. 57,13. 73,13.
76, 12. -ov 25, 5. 26, 3. 37,
4, 5. 57,12.-ῳ25,18.45,
14. 64, 11. -οις 25, 17. -ους
5, 2. 48, 11. -ων 4’9, 10.
λοιμικῶν 65, 12.

