90 INDEX VERBORUM.

E.

ἔαρ 55,13.

ἔαυτόν (καθ’ —)5, 3. (ἐφ’ -)
14,13.51,17.-ήν32,18.-ῷ
17, 12. -οῖς 4Ο,12. -ούς64,
11’ 67, 11 69, 16. -ῶν 33,
12. 60, 2. 66, 16, 17.
ἐγγεννῶσα 37, 12
ἐγείρει 22, 13.
’Έγερσις 30, 4.
ἕγκατεστηρίχθη 7,14,15.
ἐγκύμονας 56, 6.

ἐγχειρίζουσι 22, 10.
{5622‘51'276' ⁷

ἑδραῖον 23, 13.
ἕδραιότητος15, 12.

ἕὲργῃν. 1. 29, 7.

ἐθέλῃ 22, 13.

ἔθνεσι 26,11. ἐθνῶν 41,13.
ει (ἡ-συλλαβή) 12,19.
εἰ7,15. 8,16. 2'4,17. 27,
9. (σκέψαι-) 27, 15. 27, 20.
34,10. (ταχοι δ’ εἰ) 36, 7.
47, 2. (-καί) 49, 2. 58, 12.
64, 12. 70, 14. 73, 18. 75, 6.
εὲἒέναι] εἴση 17, 15. εἰδότων
εἰδοποιουμένη 53,19. εἰδο-

ποιουμένης 5,10, 11.
εἶδος 16, 17

εἰκῇ 20, 17

εἴκειν 39,10.

εἰκότως 5, 11. 7, 2. 8, 6, 7.
25,.2,328,15. 36, 20. 41,.6
Εἰλείθυια 73, 8.

εἰλουμένη 78 8

Εἷμαρμένη 12, 17.
εἶναι passim. ἔασιν 68, 7. ἐστι’
passim. ἕστι(ν)5, 18. 8, 13.
11,1.13,2.28,7.εἶσίν 3,
15-11,1Ο.12,5. 14,10.
22, 20. 62, 19. 75, 13. η19,
13 41, 17. 71, 8. ώσι 19, 9.

-όντων 75, 2.

-αι 73, 13.

εἴη 29, 8. 50, 15. 63, 14. 63,
19. 66, 8. εἶεν3, 1. 30, 2.
ἦν8, 16. 28, 10. 29,14. ἦσαν
48,.4 ων1, 4. 20’, 19. 24,
9. 25, 8. 25, 20. 36, 10. 31,
10. 34, 14. 35, 20. 43, 12.
49, 1. 57, 17. 58, 1. 62, 20.
66, 13. 67,12. ὅν53, 2. ὄντα(8.)
12,3.32,.2248,6.,.645
ὄντος 24, 2. 37, 4. 37, 11.
43, 5. 63, 4. οὖσα3, 6. 12,
16. 13, 15. 35, 7 36, ;.21 63,
2. 68, 11. 68, 13. ουσαν 29,
3. 36, 4. 56, 20. 60, 15. 71,
19. 72, 6. 73, 20. οὔσῃ 37,
6. 47, 2. ουσης 16, 7. 34, 2.
56, 16. 71, 11. ὄντες 62,13.
ὄντα (.pl) 14, 7. 31,12. 48,
19. ὄντας 66,10. ὄντων 5,
8. 8, 8. 16,19. 67,14. οὖσιν
29, 9. οὖσαι 11, 5. 33, 17.
ουσαις 32, 20. οὔσας 12, 6.
ουσῶν9, 18. τα ὅντα2, 1. 4,
7.,51.’“7,.,.1581630,11,
12. 51,10, 11. 67, 3. τῶν
ὅντων6, 16. 30, 2. 30, 7.
τοῖς οὖσι 67, 20.

εἰραφιώτην 62, 2.

εἰρήνῃ 57,19. εἰρήνην 23, 4.
57,13. -ης 40, 13.

Εἰρήνη 57,11. ’57, 16.
εἰρηνοποιόν 23, 2.

εἴρμῷ 13, 1.

εἰς 3, 18. 3, 19. 4, 4. 5, 5.
5, 8. 7, 13. 9, 19. 9, 21. 11.
10. 17, 17. 19, 6. 21, 3. 23,
11. 24, 3. 24, 16. 25, 4. 26,
4. 27, 14. 28, 12. 28,13. 29,
15. 32, 20. 34, 3. 35, 5. 40,
8.. 50, 16. 53, 12. 53, 15. 54,
5. 54, 11. 55, 7. 56, 3. 58,
6. 58, 10. 59, 23. 60, 7. 60,
23. 61, 15. 62, 14. 63, 4. 64,
3. 66,19. 70, 15. 71, 3. 71,
10. 76, 10. 76, 12 bis.

