86 INDEX VERB ORUM.

10, 5. 27, 14. 31, 20. 32, 4.
39, 15. 41, 22. 43, 1. 43, 5.
49, 6. 49, 15. 52, 5. 54, 14.
55, 1. 56, 10. 62, 12, 63, 15.
66, 12. 67, 12. 71, 10.

Γῇ 7, 19. 29, 5. 29, 16. Γῆν
28, 4. 28, 16. Γῆς 18, 7.
28, 7.

γῆρας 70, 11.
γίγαντας 39, 13.
γιγαντοφόντις 39, 14.

γίνεσθαι 5,13. 65,13. γίνε-
ται3,.94,.104,,1.859
20,18.28,13.29,1.58,15.
γίνηται 7,2. 19, 21. γινό-
μενος 54, 19. γινομένην 8,
1. 52, 1. 70, 7. -ης 27, 15.
γινόμενον 54,13. 59,18. γι-
3043?va 1ἓο’1ἒ.1ἔινὲμῖξα1ἶ’
53, 13. -ένας 45,16. -ένους
11, 7. -ένων3, 2. 6, 1. 7,
16. 10, 5, 6. 12, 1. 12, 15.
42, 3. 49, 11. 74, 22. 76, 11.
γενέσθαι 4, 2, 3. 14, 13. 28,
3. 28, 16. 31, 10. 33, 6, 7.
33,16. 35,.,93916. 41,6.
44, 24. 53, 12. 70, 3. ε’γέ-
νετοὸ, 8. 8, 12. 14, 5. 27,
9.,293,.43'09.,32⁷3. ἐγέ-
νοντο 40, 2. 76, 3. γένηται
13, 2. γένοιτο 31,14. γε·
νομένῃ 33, 3. γενομένης 54,
11. γενόμενον 28, 8. 35, 4.
63,14. γενόμενα 41,22. γε-
νομένους 39, 15. 44, 13. γε-
νομένων 35', 19. γενήσεται
28,11. γεγονέναι 9, 3. 26,
8. 28, 19. 29, 16. 36, 11. 48,
18. 5'6,19. 63,11. γέγονεν
21,10. γεγόνασιν 3,18.11,
4, 5. γεγονότα 31, 6. γεγο-
νότος 6,11. γεγονυῖαν 44,
23. γεγονότες 40, 3. γεγο-

νότας 16, 9. γεγονυίας 19,
γι1νώ2σκομεν 22, 2. ἔγνω 33, 2.
γλαυκόν 36, 20. ·ά 36, 17.
γλαυκότητι 75, 7.

-ος 10, 20. 36, 6,16

γλαυκώπιδι 37,

γλαυκωπόν 38, 21.

γλαύξ 37, 5.

γλαφυρα 38,17.

γλεύκους 62, 15.
γλυκύκαρπον 18,13.

γλυκείας 16,17.

γλῶτταν 37, 3. γλώττας 21, 4.
γνώμην 47, 5.

γόνιμος 23,19.
γονυπετοῦντας 12, 7.
Γοργόνος 37, 2.

γοργωπόν 36,14.

γοῦν 7, 21. 18, 2. 22, 9. 25,
21. 50, 18.

γράμματα 18,10.

γυμνητείας 19,15.

γυμνόν 63,16. -αί 19, 10.

γυμνότης 59,18.

γυνή 3,15. 71, 2. -αῖκα 8,
12. 34, 6, 7. -αικί 33, 3.
-αἵκες 60, 9. -αἴκας 23, 9.
-αικῶν 73, 14.

γῦπα 41, 15.

0

A.

δαιμόνιε 26, 6.
δαιμονίως 68, 3.
δαίμων cf. Ἀγαθὸς ὃ.
75, 2.

δαίνυσθαι 52, 13.
δαιτός 62, 9, 10.
δαμάζεται 34, 15.
ὃαμάσιππον 39, 7.
δαπανᾶται 7, 5.
δασύτητα 49, 7.

’Gyae

