88 INDEX VERBORUM.

67, 7. 68, 1. 68, 8. 68, 10.
63, 11. 69, 1. 69, 14. 70, 7.
71, 6. 72, 8. 72, 14. 73, 6
bis. 74, 6. 75, 2. 75, 13.

διά o. g. 2, 9. 3, 5. 6, 10. 6,
12, 7, 21. 11, 21. 14, 5. 15,
4, 17, 7. 19, 15. 21, 20. 22,
17. 23, 8. 24, 14. 25, 12. 27,
14. 32, 13. 32, 14. 33, 12.
33,19.38,19.39,1.40,10.
43, 19. 44, 17. 46, 11. 48, 8.
49, 12. 50, 17. 54, 5. 54,15.
55, 9. 57, 12 biS. 58, 6. 59,
10. 61, 5. 62, 6. 64, 9. 66, 5.
67, 3. 67, 16. 70, '1. 70, 14.
70,18. 71, 5. 72, 15 bis. 74,
12. 76, 4. 76, 6.
διαβεβηκότων 19, 2.
διεβόησαν 74, 8. ·
διαγγέλλειν 21,19.

διάγειν 21, 2.
διάθεσιν 25, 11.
διαίνειν 58,1.
διαιρεῖ 13, 18.
-ειών 35, 1.
διαιρέσεως 27, 15.

διαιρέτης 51, 14, 15.
διαιτᾶσθαι 50, 5.
διακαιομένου 33,18.
διακεκεντημένος 46, 2, 3.
διακεκοσμῆσθαι 2, 5, 6.
διακοσμήσεως 28, 8. -κόσμησιν
27, 9. 66, 4.

διακρατεῖσθαι 48, 14.
διακρίνεσθαι 39, 17. 57, 12.
-εται 54, 5.

διάκρισιν 4, 4. 40, 11.
διάκτορος 21, 1.
διαλαμβάνειν] διείληπται 46,14.
διαλείπειν 72, 2.

διαλεκτικῶν 16, 19.

-οὗντες 5, 3.

διαλλάττοντας 74, 8.
διάλυσος 58, 2.
διαμερίζει 51,14.
διαναρκᾶν 75, 17.

διανέμονται 27,13.
56, 17.

-ὀμενοι

διανέμησις 12, 12. -ήσεως 57, 9.

διάνοιαν 47, 22. 62, 10. 64, 5.
-νοίας 22,121. -νόίαις 47, 7.

διάνυσος 58,

διαπνεῖσθαι 510, 2. 75,11.

διασαλευόντων 61, 16.

διασπασθείς 62, 10.

διαστατικός 41, 3.

διασώζειν] διέσωσεν 62,18.

διάταξιν 49, 4.

διατάττειν] διατέτακται 11,11.
-τεταγμένα 13,10. -τετάχθαι

διατείνειν 63, 3, 4. διατείνει
25, 4. διατέτακεν 9, 18.

διατιθέναι] διαθεῖσα 27, 11

διατμίζειν 66, 5.

διάτορος 21, 2.

διατρίβειν 4’9, 12.

διατυποῦσι 13, 7, 8.

διαυγές 33,13.

διαφαίνειν 68,16,17.

διαφέρειν 37,1. διαφέροντος
4Ο,17. διαφέρουσαν 45,1Ο.
διαφέρονται 4Ο,17. διαφε-
ρομένους 57,11’.

διαφθείρειν] διεφθάρη 31, 17.

διαφοραί 30, 2.

διαφόρους 9,14.

διδασκομένων 76,16.

διδόναι 4, 13. δίδωσι 67,15.
διδόασιν 19, 8. 39, 10. δούς
8, 6. διδόσθαι 19, 3. δέδο-
ται 69, 2. δεδομένων 55,10.

διεξαγωγήν 8, 6.

διερόν 45, 3. 75, 10.

διήκουσαν 11, 21’.

διθύραμβος 61,11.

δίθυρον 61, 12.

διικνεῖσθαι 63, 22, 64, 1. 71, 10

διικτύννης 71, 11.

δικαίου 39, 5.

δικαίως 56, 17, 18.

