114

ποιεῖν 11, 14.’ 25, 5. 57, 12.
64, 12. 65, 19. 67, 19. -εῖ 39,
11. 42, 7. 47, 6. 73, 16. -ὧν
29, 4. 61, 13. -οὗντος 11, 9.
2414.,2418. 63,.,.5683
-ουσῶν 20, 6. ποιεῖσθαι 33, 20.
-εἶται 34, 2. 67, 16. -οὗνται
57, 18. ποιούμενον 48, 9. 51,
5. ἐποίουν 23,17.ε’ποίησε(ν)
24,16. 68,17. ποιήσασα 8, 2,
3. -ήσαντες20, 21. εποιησαντο
50,12. -ησαμένους 15,18,19.
ποιητέον 37, 22. -τέων 25, 20.

ποιημάτων 17, 2.

ποιητής 28,17,18. ὁ ποιητής
12, 5. 26, 16. 65, 14. 74, 17.
τῷ ποιητῇ 34, 13. 42, 19. 62,
16. ποιηταί 3, 1. 18, 2, 3. 38,
10. -dg 58, 10. -ῶν 2, 6.

ποικιλίαν 30, 7. 49, 18, 19. 59,
16. ποικιλίας 6, 10.

ποικίλος 46, 3. -ον 51, 4. 60,
17. -α 17, 11. 51, 21. -ας26, 7.

ποιμνίοις 30,16. -ων 69, 8.

ποινάς 11, 15.

ποιός] -ά 30,11.

ποιοτήτων 8,14,15.

πολεμικοῦ 38, 20. -καί 36,13.
-καῑς 61,18. τὰ πολεμικοὶ 40,
5. τῶν πολεμικῶν 41,14.

πολεμίων 61, 21.

πολεμιστής 51,17.

πόλεμος 57,13. -ον 37,13.
-έμοις 57, 19. -έμων 39, 4.

πολιάν 44,19.

πολιάς 38,1. Πολιάδος 40, 3, 4.

πολιεύς 38, 1. -έα 9,15.

πόλεως 6, 6. 37, 21. -εις 6, 5.
-εσιν 61,10. -εων 38, 2.

πολιτεύονται 17, 7.

πολλαχοῦ 5, 16. 10, 15. 42, 23.

πολλαχῶς 9, 13, 14². 39, 7.

πολύαρχος 74,15.

πολύγονον 56, 7.

INDEX VERBORUM.

πολυδέγμων 74,15.
πολυδὲκτης 74, 14.
πολυὸροὶστεια 13, 16.
πολυμάθειαν 15,12,13.
Πολύμνια 16, 20.

πολυποσίαν 60, 7.

πολύς -ύν 49, 4. 60, 3. πολύ
(ὡς πὶ τὸ -)5, 12. 34,10. 36,
15. 64, 7. -λλή 41,15. -λλήν
8,1. -λλῆς32, 6. 70,12. -λλοῦ
21,16. -λλςό 48, 7. -λλοί 59,
24 61, 21.
16. 48,

-λλά 19, 12. 41,
2. 51, 20. 63, 15. τά
πολλα plerumque 45,17. -λλάς
26, 7. 30, 6, 7. 59, 4. -λλοῐς
47, 18. -λλούς 17, 1. 57, 14.
74,15. -λλῶν 27,14. 74, 16. ι
πολυστέφανος 30, 5.
πολυτιμος 21,16.

, πολυτροπίαν 47,17.

πολύτροποι 73, 14.
πολυύμνητος 16, 20.
πολύφλοισβος 42,11.
πολύφορον 51, 3.

πολύχρηστον 10,19.

πολυωρεῖν 2, 3.

πομπαῖς 61,1.

πονεῖν 52, 2.

πονηρίαν 11,11.

πονηρέ (ω -) 14, 9.

πόνου 37,11. -ων 55, 6. 55, 7.
74, 13.

ποντία 46, 5.

πορείαν 33, 20. -ας 67,16.

πόρρω 65, 4.

Ποσειδαων 27, 6. Ποσειδῶν 4,
10. 42,21. 43,15. -ὧνα 4, 8.
-ῶνι 42, 23. -c’fivos 41, 18. 44,
10. 44,14.

πόσεως 4,12.

ποσῶς 71, 7

ποταμούς 42,16.

ποτέ 28, 11.31, 13. 32, 6. 41,
16. 62, 17. 74, 13.

πότερον-ἤ 16, 16, 17. 43, 2,

