94 INDEX VERBORUM.

ἐπικάρπιος 9, 12, 13.
ἐπικλοποις 25, 16, 17.
ἐπίκουρον 73, 20. 74, 1.

ἐπικρατεῖν] ἐπεκράτει 8, 17.

-τησεν 7, 13. 27, 9, 10.
ἐπιλέγειν] ἐπείποι 26, 5.
ἐπιμέλειαν 25, 22. 69, 8.
ἐπιμελουμένῃ 17, 3.
ἐπιμένειν 31, 11, 12.
ἐπιμηθείας 33, 1. ,
ἐπιμηθεῑσθαι 33, 5.
Ἐπιμηθέα 32, 22.
ἐπιμιγνύμενοι 60, 13.
ἐπιμονή 8, 15.
ἐπινοησάσης 32, 10.
ἐπινοίᾳ 34, 6. ἐπίνοιαν 54, 3.

-νοίαις 70, 14. -ας 9, 14.
ὥς ἐπίπαν 51, 6. 69, 5.
ἐπιπέμπειν 22, 16. -ῃ 69, 19.
ἐπιπιπτόντων 13, 6, 7. -πεσεῐν

34, 6.
ἐπιπλέκεται 34, 18.
ἐπιπολάζειν] ἐπεπόλασε 6, 16.
ἐπίπονον 55, 5, 6.
ἐπισημαινομένου 24, 16.
ἐπισημοις 63, 17.
ἐπισκάζουσιν 33, 20.
ἐπισκεπτέον 31, 18.
ἐπισκευήν 24, 4.
ἐπίσκοπος 16, 18, 19. 25, 3.

57, 17. 68, 4, 5. -ον 44, 2.

5ο, 11, 12. -οι 38, 1.
ἐπιστάτης 25, 6.
ἐπιστάτις 38, 17.
ἐπιστήμη 17, 5.
ἐπεστηριζόμεθα 70, 14, 15.
ἐπιστροφή 21, 17. -ήν 16, 17.
ἐπισχύσασα 8, 4.
ἐπιταράττεσθαι 63, 8.
ἐπιτερπές 51, 4. ἐπιτερπεῖς

16, 2.
ἔπιτετμημένως 76, 7.
ἐπιτηδείου 43, 4. -είαν 68, 17.
ἐπιτηδείως 32, 4. 54, 6. 72, 1.
ἐπιτηροῦντα 20, 3.

οὲπτά 15, 2.

ἐπιτρέχειν 34, 9, 10.
ἐπιφθέγγονται 24, 8.
ἐπιχάριτα 20, 14.
Ἐπίχαρμος 18, 3.

ἐπονομάζουσι 37, 17, 18. ἐπονο· ,

‘wigstan 21, 4, 5. 39, 14. 74.
14. -ωνόμασαν 5,17. 41, 21, >
22. 58, 3. ·ωνομάσθ·η 25, 7.

ἐξεόὲιῗῆς 9, 20. 72, 14.

15, 8.
ἐρᾶν] ἐρῶντας 47, 5. 48, 3.
-οόντων 47, 18. 73, 15. ἐρω-
μένους 45, 14, 15. -ένων 47,
13. 48, 3.

Ἐρατώ 16, 15.
ἐργάζευ 56, 4.
ἐργασίαν 55, 6.
ἔργα 20, 14. 33, 12. 34, 9.

''EQ-8509 28, 6. 29, 3.
ἐρεθίσας 40, 9.
ἐρείδειν] ἐρηρεισμένους 10, 13.
ἠρείσθη 7, 16.
ἐρεῖν 20, 22. 47, 13. ἐρέων
47,15.
ἔρεσθαι 16, 18.
ἐρεύγεσθαι] ἤρυγεν 42, 20.
ἐρεύνης 23, 10. 47, 16.
ἐρευνήτριαι 11, 5.
ἐρέφεσθαι 29, 4.
ἐρημίαν 17, 18. -ας 24, 4.

ἐρήμοις 49, 11, 12. 71, 16.

ἐρίγδουπον 9, 5.

ἔριν 62, 2.

Ἐριννύες 11, 4. -ύων 75, 15.

ἐριούνιος 21, 4.

ἐρίων 13, 6.

ἕρκειον 9, 14, 15.

ἕρμαίων 24, 11.

Ἑρμῆς 20, 18. 23, 12. -ῇν 20,
15, 16. 22, 8. 23, 7. 24, 8. 24,
15, 16. 45, 13. -οῦ 25, 13.
-αἶς 24, 12. -άς 23, 17.

ἐρραφθείς 58, 10.

ἔρυμα 20, 23.

