96 INDEX VERBORUM.

Ευφρόνην 18, 2.

Εὖφροσύνη 20, 10, ,,Ι11.
εὔχεσθαι 76,14. ευχονται 73,
9. εὐχομένων 65, 10.
εὐωδίαν 46,14.

εὐωχιῶν 57, 20.

ἐφάπτεται 69, 4, 5.

ἐφεξῆς 8,14.

ἐφεῖσθαι 52,12.

ἐφιμέρου 29,18.

ἐφίστασθαι ’11,17. ἐφεστῶσιν
49, 3. ἐπιστῆσαι 70, 5.
ἐφορᾶν 38, 7. ἐφορᾷ 11, 20.
ἔχειν 1ο,1’.2 12, 4 13,10. 15,
11.15,19.16,4. 18,12. 19,
16. 23,13. 25,11. 26,19. 34,
8. 36,15. 39,1. 47,5. 48,12.
49, 7. 59, 22. 64,1. 74, 21.

75,15. ἔχει 3,4. 19, 20. 24,
17. 37, 7. 43, 12. 45,13.
45, 23. 50, 4. 54, 6. 58,
9. 62,19. 66,16. ἐ’χουσι(ν) 6,
3.11,12.17’,.,17605. -ῃς
14, 9. εἶχον 20, 21. ἔχων 43,
6. 46, 3. 59, 13. ἔχον 61, 9.
ἔχοντα 10, 7. 57, 5. 74,1.8
ἔχοντι 12,1.8 ἔχοντος 37,17.
50, 6. 51, 6. 59, 21. ἔχοντες
, 56,15. ἔχοντας 23, 17. 66,11.
71, 20. ἐχόντων 19, 11. 59„ 15.
ἔχουσα 32, 18. 66, 15. 68,14.
εχουσαν 74, 3. ἐχούσης 32, 4,
5. 42,18. ἔχεται 43, 8. 44, 9.
ἐχομένης 41, 5. ἕσχε<ν) 36,1.
40, 20. 48, 2. ἐ’,σχον9 11. 75,
1. ἐσχηκέναι2, 17. 15, 9. ἐσχη-
κυῖα 45, 6. ἐσχηκότες 59, 7, 8.
ἐχομένως 65,1.

ἐχθαίρῃ 56, 5.

ε’ως 59, 5.

Ζ.

ζατεῐ (codd. ζητεῖ) 18, 4.
ζείδωρος 53, 4.

Ζεύς 3, 5. 3, 7. 7, 20. 9, 1.

14, 4. 12, 11. 17, 21. 23, 17.
33, 13. 35, 19. 37, 1. 38, 1.
40,...9577 Aloe3,.,.884

12, 2. 34, 21. 58, 4. (νὴ) 75, .
6.’Δι·ι’·’,.,’.,.23727632636, ·

21. Λιός’3, 13. 7, 3. ’,11 20.
12,.,5123.18,’15. 26,12.
27, 4. 32, 8. 33, ’15. 34, 3. 35,
7. 35,9. 40,14. 51, 2. 58, 10.

ζῆν 3, 6. 14, 7. 53, 5. ζῶσα

Ξ,51.1ζῶντες 25,10. ζῶσι 3, 6.

ζητεῖν 47, 13. ζητοῦντα 42, 6.

Ξᾌτοῖἔτας 35, 5. ζητούμενος

ζήτησις 54,15. ζητήσεως 14, 8.

18, 1. 23, 8.

ζητητέος 65,15, 16.

ζοφώδης 29,14.

ζῴδια 72, 4.

ζωδιακοῦ (-κυ’κλου) 67,16.
ζῳδιακῷ 72, 4.

ζῳογονίας 6, 8.

ζῷον 46, 11. 60, 22. ζῴου 41,
12. ζῷα 30, 9. 40, 9. ζῴων 6,
1. 20, 20. 45,& 53,4.,6722.
72, 1’5.

ζωτικῆς 3, 11.

Η.

,,,,,
11. 8, 15. 10, 11. 10, 19. 12,
13. 13, 2. 15, 4. 16, 11. 16,
20. 20, 23. 21, 7. 21, 14. 25,
5. 27, 10. 27, 11. 28, 9. 30,
13 bis. 32,.12. 37, 11. 37, 19.
38, 7. 38, 8. 40, 18. 41, lbis.
44, 3. 45, 6. 45, 15. 45, 17.
43, 2. 47, 6. 48, 2. 48, 8. 49,
18. 50, 9. 51, 21. 52, 1. 52,
7. 52, 8. 52, 11. 52, 13. 53,
4. 54, 22. 55, 3. 57, 5. 57, 14.
31, 15. 35, 21 bis. 33, 8. 37,

