124

4. χειρεσσι 43 6. χειρῶν 23,
15. 27, 14. 71, 1. χέρες64, 6.

Χείρων 70,17.

χθονίαν 72,18.

χθών 53, 8. 53, 9. χθόνα 35,
16. χθονί 68, 7.

χλοάζοντα 55,15.

Χλόῃ 55,14.

χορείας 19, 22.

χορεύειν 17,16.

κεχορηγῆσθαι 47,18,19.

χόρους 16,14.

χρείαν 17, 17.

χρεῶν 55,12.

χρή 37, 9. ἐχρῆν 70, 4.

χρηματος 6,10.

χρῆσθαι 24, 2. 25, 17. 28, 18.
26, 2. 34, 4. 46, '17. χρῶνται
32,.2 4’,33. 51,,78. 59,
24. 61, 22. 66, 20. χρώμενοι
57, 1. 70, 9 χρωμένους 21,
6. 59, 5. χρωμένων 37, 20. 44,
1, 2. 59, 14,15. 60, 11. ἐχρῶν-
το 30, 13. κεχρημένον 48, 7.
-μένων 28, 1.

χρησίμη 76, 8. Μιμην 60,15.
χρήσιμον 24, 13. -ίμων 56, 24.

χρησίμως 68, 2.

χρῆσιν 32,10. 58,13. χρήσει

χρησμῶν 67,14,15.

χροιάν42, 13. 68,11. -ἅς60, 18.

χρονίζει 31, 2, 3.

χρόνος 7, 4. -ον 54,13 55,
3. ·ov4, 2. ων13,4. 67, 21.

χρυσοκόμαν 66, 20.

χρυσόρραπις 21,15.

χρυσαῖς 26, 18.

χρυσοφανές 26,19.

χρυσωπός 67,1.

χρωματων 49,19.

χύσεως 28, 8.

ἔχωσατο 65,17.

χωλαίνειν 34, 2.

χωλός 33,18. -άς 12, 6.

INDEX VERBORUM.

χώραν 23, 5. χῶραι 57, 19.
χωρεῖν 5, 5. 53, 10. 74, 7.
χέιῖῗζῖῗῷῡτ, 10. ἐχώρισαν 62,14.
χωρίοις 71, 17. -ίων 61, 11.
χωρίς 17, 18. 49, 15.

Ψ.

ψόφος 30, 10. 59, 23. -ου 50,
9. -ους 68,1.

ψυχαγωγεῖν 22, 9.

ψυχή3, 8. -ήν3, 4. -ῆς 3,
3. 3,.14 32,.2 35,11. -αί
3, 15'. 5, 6. 64, 7. -αἴς 63,
6. -οὶς 21, 3. 38, 18, 19. 47.
11. 74, 5. -ὧν 58, 8.
ψυχοπομπόν 22, 7, 8.

Ω.

ω1,1.14,.9 28,11. 41,.19
524 56,.1 65,1. 76,2.
ωδε 55, 2.

ᾠδῆς 62, 9. ᾥὸας 16,15.
ωδίνειν 35, 6. ωδινεν 34, 21. ,
ωδίνουσαι 73,10.
Ὠκεανός8,13.30,18.-όν8,10.
ωκέως 8,13.

ὥραις 50, 21.

Ὡρῶν 10, 4. Ὥρας 57, 7.
ωραίων 47, 21.

ωρεῖν 2,1.

ωρεύειν 2,1. -εται 57, 8.
ὡς2, 11 2, 15. 3, 7. (-ἔπὶ
τὸπολυ)5, 12. 6, 9. 7,16.
9,.3 10,12.12,16.13,1.6
14, 6. 14, 10. 1619. 18, 7.
18, 9. 18, 10. 18, 14. 19, 9.
19,10. 19, 13. 21, 7. 22,
17. 24, 1. 24, 13. 24, 16.
25, 5. 25, 20. 26, 1. 26, 9.
27, 3. 27, 14. 28, 2. 30, 3.
30, 20. 31, 14. 32, 9. 34,

