78 INDEX VERBORUM.

5. 65, 12. 68, 2. 69, 20. 74,
6. 75, 5. -έρος 2, 20. 22, 4.
33, 18. 75, 4. 75, 7.

Ἀθηνᾶ 35, ⁹7. 35, 17. 39, 13.
4Ο,.15 -ᾑᾷ33,9. 33,10. 38,
9.—o“cv3¹5,1’·,'.,.365367
-ἇς 36, 1. 40, 4.

Ἀθηναία 36, 7.

Ἀθήνη 27, 6.

ἄθλους 64,15.

ἀθρεῖν 36, 3.

Ἀθρῃνᾶν 56, 3.

αθροα 28,13.

ἀθρόως 47, 7. 51, 21.

Αἰγαίων 27, 17.

αἰγίδα 9, 6.
9, 10.

αἰγίοχος 9,11.

Αἴγλην 20,12.

Αἰγυπτίοις 26,10.54,16.
Ἀίὸην (f. leg. Ἀίδα) 5, 3.

αἰδοῖα (τοὶ-) 23,17. -οίων 50,

αἰδοίοισιν 17, 10.

αἰεί 29, 8.

αἰθεροναία 36, 8.

αιθεσθαι 2,13.

αἰθήρ 2,12. 33,13. 35,14.
35, 16. -έρα4, 6. 29, 15. 36,
19’, 2ο. -έρι 49, 8.’ 66, 6’.

-ος 36, 21. -ας

-έρος 26, 18. 37, 11.
Αἰθέρα 28, 7.
αἰκίας 11,17.
αἰνιγματων 76, 5.
αἰνίττονται7, 21. 28, 1. -όμε-
νος 30, 7, 8. 50, 14. -όμενοι
2, 8. 32, 14. 65, 4. ο-μένων
55,1.62,11.
αἰπόλια 50, 9.
αἴρειν 27,16. αἰρομένη 3,17.
αρθείς 29,13. ἦρται 37,13.
αἴρειν 40, 20.
αιρεσιν 6,14.
Αἶσα 12,14.
οἷ’ίσσειν 9,11.

ἄιστος 12, 14.

αἵτε 18, 4.

αἰτία 3, 6. 6, 7. 12, 14. 31, 3.
-αν 4, 8. 5, 11. 9, 3. 17, 9.

17, 16. 36, 14. 40, 13. 42, 3. ·

43, 11. 55, 4. 57, 6.
12. 31, 6. 44, 5.
αἴτιος 9,19. 25, 8. 30,13.
74,.9 -ον 53,.5 -ίου 70,1.
αἴτιοι 65,12. -ίους 2,19.
αἰφνιδίους 50, 8.

ακαθαρσίαν 46,12.

ακακητα 21, 8.

ακαλαρρείτης 30,19.
ακαταπαύστως 19, 21.
ακειρεκόμαν 66, 20.

ακὲραιον 39, 2.

ακινησίαν 52,15.
ακμαζόντων 58,15,16.
ακμητον 2, 7.

ακμονας 26,15.26,2Ο.

-ας 9,

’Ἄκμονος 2, 6.
ακοαῖς 22,1.
ακολουθεῑν] ἠκολούθησε 67, 6.
κατ’ ακόλουθον 70, 2. ⁴
ακολούθως 11,18.
ακούσαντα 50,10.

ακριβῶς 74,16.

ακροαματα 62, 7.

ἀκρον (ἐπ’ -) 67, 21.

-οὲς 68, 3.

οξκροπόλεσι 38, 6.
ακτῖνας 71, 9.
ακύρους 46, 6.
αλαλαξιος 41, 7.
ἀλαλκεῖν 38,11.
αλαλκομενηΐὶὃα 38,10.
ἄλαστῆσαι 11, 2.
αλαστωρ 10, 21.
αλδὴσκει 51,19.
αλήθεια 53,19, 20. α-ν 25,16.
αληθινῶν 25, 8.

Ἀληκτώ 11, 6.

οἷλήκτως 11, 8.

αλίβαντας 75,12.

ἅλιον 44,18.

-ίνων 65, 4.

-ορας 10, 22.

