Α νὲῑ- *ἥτ’-Ἀνι- ῇ. s* , .

 

INDEX VERBORUM. 91

εἷς 49, 13. ἕν 51, 20. 62, 15.
ἕνα 24, 12. 89, 3. ἑνί 39, 1ο.
ἑνός 16, 13. μία 8, 11. 13,
5. 15, 19. μίαν 20, 1. 20,
13. 34, 8. 55, 9. μῑας 31, 2.

εἰσάγουσιν 60, 17. εἰσῆγεν 40,
8. - ’γεται 53, 20. -αγομένου
42, 15, 16. -μένων 76, 13.
-ῆκται 72, 8.

εἰσηγητής 14, 5.

εἶτα 7. 6. 20, 9. 21, 4. 29,
14. 42, 1. 59, 5. 59, 6. 62,
18. 62,21. 66,12. 72, 4. 73, 2.

si‘vovv—si‘vs-si‘zs 4, 12, 13,
14. vide ἤτοι. εἴτουν-εἰῒε
43, 9. 47, 20, 21. 69, 17, 20.
εἰώθασι 46, 17. ,
ἐκ (ἐξ) 2, 11 bis. 3, 18. 4, 6.
4, 10. 7, 1. 8, 15. 12, 3. 14,
3. 15, 11. 15, 12. 19, 1. 19,
2. 19, 3. 19, 6. 20, 19. 21,
16. 22, 2. 23, 6. 23, 10. 25,
1. 26, 14. 26, 18. 26, 19.
27,13. 27,19. 28, 5. 28, 6.
29, 1. 29, 16. 31, 20. 32, 3.
32, 11. 33, 15. 34, 3. 34, 5.
34, 20. 35, 9. 35, 18. 35, 21.
38, 12. 39, 8. 39, 15. 40, 2.
40, 3. 41, 6. 41, 22. 42, 4.
43,13. 45, 16. 45, 18. 48,
17. 49,11. 49, 14. 50, 9. 52,
1. 53, 13. 55, 7. 57, 6. 59, 1.
62,15. 63,13. 64, 13. 65,
10. ⁴68, 6. 69, 11. 70, 10. 71,
13. 73, 3. 74, 19.

ἕκαθεν 65, 5.
ἑκάς 65, 10.
ἕκαστος 27, 7. -άστου 17, 12.
24, 12. 24, 14. ὀἷστῳ 12, 12.
13, 9. 13, 18.
ἑκατέρα 52, 5. -οἱτερον 63, 19.

Ἑκάτη v. ἕκατος.
ἕκατηβόλους 65, 7.
ἕκατογχειρα 27, 12.
ἕκατος 65, 5. Ἕκατον 65, 8.

ἕκοὶτη 65, 5. Ἑκάτη 72, 8.
Ἑκάτην 65, 8.
ἐκβαλών 7, 20.
ἐκβιβρωσκομένη 32, 21.
ἐκγονους 44, 15.
ἐκδέροντες 60, 22.
ἐκδηλότερον 24, 17, 18.
ἐκδύεσθαι 70, 10.
ἐκεῖ 3, 13. 32, 12. 58, 11.
ἐκεῖθεν 9, 7. 32, 12, 13.
ἐκεῖνον 7, 8. ε’κείνην 35, 2.
-είνου 3, 18. -είνῳ 64, 8.
-είνων 21, 19. 48, 4. 76, 9.
ἐκεῖσε 61, 5, 6. 74, 7.
ἑκηβόλου 68, 6.
ἐκθηλύνοντος 38, 18.
ἐκθλιβομένου 58, 16.
ἐκθορεῖν 35, 1.
ἐπιλύσεως 36, 5. 59, 11.
ἐκμειλισσομένων 41, 2.
ἐκμελείας 67, 19, 20.
ἐκπεσεῖν 73, 11.
ἐκπυροῦν] ἐξεπυρώθη 27, 10.
ἐκστάσεως 47, 22. 59, 6, 7.
ἐκτεμνούσης 51, 11. ἐκτεμεῖν
7, 19.
ἐκτομῆς 6, 18.
ἐκφανεστάτου 37, 3, 4.
ἐκφέρειν] ἐξενήνεκται 46, 16.
ἐκφερομυθεῖν 61, 13.
ἐκ-χεῦε (ssmes.) 43, 7.
ἐλαία 38, 20. ἐλαίᾳ 10, 18.
ἐλαΐνων 39, 9.
ἔλαιον 39, 1.
ἐλαφηβόλον 71, 12.
ἐλαφρούς 61, 6, 7.
ἐλευθέριον 9, 16, 17.
Ἐλευθοῦς 73, 12.
Ἐλευσίν 54, 8.
Ἐλευσίνιος 53, 23. -νία 54, 10.
ἐλεύσεως 54, 10.
ἔλλειψιν (κατ’ -) 45, 22.
Ἕλληνες 53, 14. -ήνων 75, 2.
-ησι 6, 18. 26, 8.
ἐλλιπές 10, 8.

