102

κόλπου 50, 21, 22. κόλποις
50, 20. ·ων 73,10,11.
κόραξ 68, 10.

κεκορῆσθαι 57, 3.

Κόρην 52,18.

κόρου 53,1.

Κόρον 52,18.

κορύμβων 62, 5.

κορυφή 35,15. -άς 72, 7.

κοσμεῖν] κεκοσμῆσθαι 63,18.

κόσμος 2, 5. 3, 4. 49, 13. 51,
12. -ον 17,5.,485. 52, 9.
67, 4. -ου 2, 12. 3, 14. 6,
6. 7, 10. 7, 11. 8, 3. 9, 2.
27,16. 32, 5 35, 14. 49, 8.
50, 17. 54,15. 67,18. 76, 4.
-ῳ 8, 6. 12, 1. 53’‚ 3.

κουφόνους 47, 6.

κραίνειν 4, 7. 5, 1. 7, 22.

κρᾶσιν 60, 15.

κραταιά 63, 1.

κράτος codd. 10, 13.

κρατῶν 10,15.

κρεμαννύναι] κεκρεμακέναι 26,
17, 18. ἐκρέμω 26, 14.

κρηνοῦχος 44, 4.

κριθῆς 54, 4. 56, 1. -αί 54, 8.

Κρῑος 3Ο,14.

κριός 54, 6. -οὗ 30,16.

Κρόνος 6, 20. 7, 18. 31, 8.
-ον 4, 1, 2. 8, 1. 8, 7. —ov
4, 9. -ῳ 7, 7.

κρούειν 67, 17.

κρύπτειν 28, 8 κρύπτεται 55,
1, 2. κρυπτομένου 60, 6. κρυ-
πταμένας 44, 9. 60, 5. κεκρυμ·
μένην 35, 4.

κρύψει 45, 20.

κτῆμα 5, 9. 19, 11.

κτησιον 9, 16.

κυανοχαίτου 42,15.

κύειν 35, 6.

κυήσεις 45,16.

Κυθέρεια 45, 15.

Κυθήρων 45, 19.

INDEX VERBORUM.

κυισκόμενον 73,11,12.
κύκλος 72, 12, 13. -ου 67,16.
-ῳ 1,1. -ων 69, 3.
Κύκλωπα 44,13.
κύκνος 68, 9.
κύμασι 44, 19.
κυμβάλοις 5,14.
κυνηγετεῖν 71,18.
κυνηγέτιν 71,11.
κυνηγία 72, 2. 72, 5.
Κύπρος 45, 20.
κυριεύουσι 19, 7.
κυριωτατον 3,14.
κύων] κύνας 41,11. 71,19.
κωὸιάν 6, 7.
κωκυτόν 75, 1.
Κωκυτός 74, 24.
κωλων 61, 5.
κωμικόν 17, 20.
κώμας 60, 23.
Κῷοι 64, 4.

A.

λαβρότερον 60,11.

λάγνον 49, 9.

λαγχάνειν] ἔλαχεν 61, 20.
λελογχότι 9, 9.

λάθρα 7, 9.

Λαιστρυγόνας 44,14.

λαλιᾶς 61, 8.

λάλον 61, 22.

λαμβάνει 13, 3, 28, 13. -ουσι
33,18. ἔλαβε 30, 1. λάβοι
26, 11. λαβοῦσα 16, 16. εἰλη-
φε(ν) 49, 10. 54, 7. εἴληπται
7,1. 7, 10 λήψῃ 76, 11.

λαμπαδηφοριάις 5,15.

λαμπάς 47,11.

λαμπρός 66,19. -ά 31, 4.

λανθάνειν 12,1. -άνει25, 14.
ά-νουσα 13, 21.

λαούς 37,18. 38,14. -ὥν
37, 20.

λαοσσόον 37, 17.

