,ἶ
¹ss
ἱ

 

INDEX VERBORUM.

3, 4. 61,12, 14. πότερον-ἤ
-ἥ 51, 7,8, 10.

ποτίμων ’144 5.

πότοις 59, 6. -ους 59,18.
ποῦ 48, 4.

πούς] ποδοῖιν 26, 14. ποδῶν 23,
15. 26, 19. ποσί(ν)59, 1. 6,0 2.
πράγματα 9, 21. 40, 8. -άτων
30, 15. 67, 8.

πρᾶξιν 24, 1, 2. πράξεις 36,12.
πράξεων 19, 9.
πράττειν 15, 6.
14,1.
πραῦντικόν 71, 4.

πραττόμενα

³· πρέμνοις 62, 7.

πρεσβεύειν 64,17.

πρεσβυτάτην 13, 7. -ον 48, 7.

πρεσβύτεροι 12,16. -έροις 76,
7. -έρους23, 16. -έρων 60,12.

πρεσβύτης 60,10.

Πρίαπος 50,,15.

πρό 16, 9. 28, 7.

προάγειν 23, '10. -άγων 24, 7.
-ήγαγε 35, 5. -ήχθησαν 73, 3.

ἶ· προαιρῶνται 17, 9.

, >ww

προβαίνειν 33, 21. -βεβηκόσι

προβεβληκυῖα 37, 3.
προγενεστέρων 17,1‚
προδεδογμένα 25,,152
πρόεισιν 50,15,16.
προεστως 51,13.
προκατάρχειν 19,18,19.
προκείμενον 23,1.6
προλαβόντες 2, 8.
προλέγειν] προείρηται 41,19.
προειρημένος 28, 17. 31, 8, 9.
-ένην 15,.3 -ένον32, 17. -ένας
προμήθειαν 32,1.
προμηθεῖσθαι 33, 5.
Προμηθεύς 31, 1’9, 20. 32, 6.
32, 15. 33, 7. -έα 32, 1. -έως

-είας 32, 7.

115

προνοεῖσθαι 48,16.
προνοία 35, 8. πρόνοιαν 32, 2,
3. -νοίας 32,16.
Προνοίας 35, 8.
προόρασιν 32, 23,
πρός 10, 20. 12, 4. 14, 7. 15,
11.15,14.15,18.18,1.19,
9. 19, 16. 20, 18. 20, 19. 21,
9. 21, 10. 23, 4. 23, 15. 24, 1.
24, 4. 24, 18. 25, 1. 26, 12.
32, 4. 33, 8. 34, 1. 34, 10. 34,
11. 35, 3. 36, 11. 37, 13. 39,
12. 43, 3. 43, 4. 44, 24. 46,
16. 50, 3. 51, 8. 51, 9. 52, 2.
52, 18. 54, 6. 55, 9. 56, 16.
56, 24. 58, 13. 60, 14. 61, 3.
62, 3. 62, 4. 62, 8. 67, 21.
68, 3. 68, 13. 68, 17. 70, 12.
71,2.Ο73,11.7’5,.,.9764
προσάγεσθαι 45, 14.
προσαγορεύουσι 9, 17 12, 2.
39, 8. -οντες 66, 20. 67, 1.
69, 9. προσαγορεύεται 38,13.
-ονται 38, 4. -ομένου 30,16,
17. -ηγόρευσεν 74,17. -ηγό-
ρευσαν 5, 19. 52, 7. 56, 19,
20. 69, 14. 74, 6. -αγορευσάν-
των 41, 2, 3. -ηγορευκέναι 64,
14. -ασι 65, 7. -ηγορεύθη 75,
4 -ηγόρευται 13,17.20,10.
προσανεπλάσθη 72,19.
προσάπτειν] προσῆψαν 67, 8.
προσαρμόζειν] προσηρμοσμένων
προσβοηθεῖν 38, 12.
προσγειότατος 4,17,18. -ον
προσγινομένων 52, 3.
προσδεδεμένη 32,19.
προσεδρεύσαντες 75,16.
προσεοικέναι 13, 9.
Ζέἓῖἓὲἔὶξαθςα ι14351 15. -Ξντων 21,

8*

