92 ’ INDEX VERBORUM.

ἐλπίδα 55, 15.
ἐμβαινόντων 61, 15.
ἐμβάλλουσι 76, 15.
40, 11.

ἐμμέλειαν 50, 3.

Ἐμπεδοκλῆς 30, 3.
ἐμπεριεχομένους 48, 10, 11.
ἐμπεριόδως 51, 21.

ἐμπίπτειν 70, 15. ἐμπιπτόντων
60, 8. 61, 15.

ἐμποδίζειν 27, 8.

ἐμποιεῖ 49, 4.

ἐμποινίμους 46, 6, 7.
ἐμπολαῖος 25, 7.

ἐμποριῶν 25, 6.

ἔμπτωσιν 42, 4.

ἐμφαίνειν 31, 1. 71, 1. ἐμφαί-
νει 10, 8. 44, 20. 49, 17.

ἐμβαλών

50, 18. 54, 17. 60, 2. 61, 5.
-οντος 17, 11. -ουσα 6, 17.
-ούσης 19, 22. 36, 15. -οντες
20, 16. 24, 9. 70, 8. -όντων
64,8. ἐμφῆναι 38,6. -φαίνεται
12, 15.

ἐμφανῆ 62, 18. -ές 65, 14.
ἔμφασιν 19, 10. 73, 18, 19.
ἐμφέρειαν 10, 19, 20. 62, 3, 4.
ἐμφέροντες 72, 19.

ἐμφερές 37, 5. -εἴς 66, 9, 10.
ἐν 1, 2. 3, 7. 3, 13. 4, 2. 4,
11. 5,1. 6, 1. 7, 4. 7, 5.
7, 12. 10, 13. 11, 15. 12,
18. 16, 13. 17, 16. 18, 1.
23, 1. 23, 19. 23, 22. 24, 6
bis. 24, 7. 25, 20. 28, 11. 29,
18. 30, 19. 31, 12. 32, 2. 33,
14. 34,11. 35, 7. 37, 2. 37,
4. 38, 5. 38, 17. 39, 12. 40,
12. 41, 22. 42, 4. 42, 6. 44,
23. 46, 5 ter. 48, 11. 49, 7.
49, 11. 50, 1. 50, 4. 50, 14.
50, 19. 50, 20. 50, 21. 51, 7.
51, 18. 53, 3. 53, 14. 57, 19.
59, 6. 59, 17. 61, 10. 61,
18. 61, 20. 62, 13. 62, 23.

65, 14. 66,11. 67,13. 67,
20. 67, 21. 69, 5. 69, 10.
71, 15 bis. 71, 16. 72, 1. 72,
4. 75, 13. 76, 15.
ἐνάλλονται 60, 23.
ἐναντίον 56, 2. ἐναντίων 31,
5. 57, 15. ἐκτῶν ἐναντίων
ἐναντίωσιν (κατ’ —-) 41, 2.
ἐνάπτειν] ἐνῆφθαι 49, 18. .
ἐναρμονίως 67, 18.

ἐνδείας 55, 10.

ἐνδεδομένων 22, 3.

ἐνδέχεται 64, 15.

ἐνδομενείας 15, 12.

ἕνειμι] ἐνόντα 39, 18.

ἕνεκεν 6, 5. 17, 20. 42, 16.
59, 12. 65, 18.
ἐνέργειαν 71, 1.
22, 3.

ἐνηής 40, 19.
ἐνθάδε vd. τάνθάδε.

ἐνθένδε 21, 1..

ἐνθυμητέον 18, 4.

ἐνιαύσιον 69, 4.

ἐνιεῑσα 40, 17, 18.

ἔνιοι 2, 1. 25, 14. 36, 19. 48,
5. 65, 8. -ίων 20, 11. 60, 7.
ἐννὲα 14, 10. 14, 12. 17, 20.
ἔννοιαν 66, 1. -ὥν 22, 3.
39, 20.

ἐννοσίγαιος 43, 6.

ἐνόδιος 23, 22. 24, 9. -ὃιά 73, 6.
ἐνοσίγαιον 42, 2.

ἐνοσίχθονα 42, 1.

ἐνταῦθα 7, 10. 35, 11.
ἐντελῆ 76, 11.

ἐντεῦθεν 7, 17. 10, 3. 12, 13.
22, 15, 16. 23, 9, 10. 24, 10.
25, 6. 30, 16. 42, 11. 44, 2.
47, 16. 51, 2. 53, 3. 54, 7.
55,16. 56, 19. 57, 3. 72, 13.
75, 12.

ἔντονον 64, 1.

-ειῶν v. 1.

