 

INDEX VERBORUM. 79

«inoffensum 47, 8.
ἀλκήν 40, 18. -ῆς 63, 3.
ἀλκιμώτατον 63, 20. -τατα 36,
Ἀλκμήνης 63,10.
ἀλλά2, 16. 20, 17. 20, 23. 21,
10. 31, 12. 39, 2. 47, 10. 50,
3. 51, 20. 52, 17. 61, 10. 63,
17. 67, 13. 67, 20. 76, 3.
76,12.
ἀλλήλαις 15,14. ήοις 57, 2.
66,10. 69,15. -ους 10, 2.
40, 12. 56, 16. 67, 21. -ων 39,
16. 40, 9. 57, 11, 62, 14.
ἄλλοθεν 35, 21.
ἀλλοίαν 35, 17. -οῖοι 40, 2.
ἄλλος] -η 13, 8. ,ην 19, 10.
42, 3. 43, 1’1. 73, 18. 73, 20.
-018, 2. 24, 17. 33, 7. 44,
23. 72, 10. 73, 6.
13, 3. 4,0 14. 42, 20.

-ον 8,10.
-ov39,

2. -α 32, 3. τᾶλλα 20, 21.

38,16. 75,18. ἄλλαι 26, 9

bis. ας 30,- 7. -οι 2,3. 19,

8. 27, 5. 36, 5. 37, 14. 70, 5.

-οις 13, 6. 26, 11. 32, 18. 51,

17. 60,1. 66,19. 67, 19. -ους

6, 8. ων 2,11. 10, 6. 12,

13.13,6.17,.,.,.3425459

49,19. 68,1.

ἀλλότριος 6⁹8, 10. ἀλλοτρία 46,

ἀλλοτρίως 64,16.68, 14.

αλλως7,10.7,15.9,1.9,.8

9,13.15,19. 23,.3 39,7.

42,14. 48, 9. 65, 8.

ἄλογον 64, 2. -όγους 50, 8.

ἀλόγως 28, 2.

ἁλύσεσι 26,18.

Αλωείὸας 4'4,14.

αμα 17,10. (—.. . καὶ) 29,
1. 48, 7. 51, 18. 56, 23. 61,

6. 68, 9. 70, 11.

ἀμαλδύνει 51, 21.

Ἀμαλθείας 51,17,18.

αμαρτανειν 11 1. οντων 11 15.

ἀμβλυτέραν 66,14.

ἀμεθεξίαν 75,1.4

ἀμείβεσθαι 19,19.

ἀμείνους 64, 7.

ἀμελοῦντι 26, 4.

ἀμήτωρ 35, 17.

ἀμιάντου 36, 9.

α”μικτον 8,17.

αμματι 23, 2.

ἀμοιβῆς 19, 20. 20, 3.

αμπελον 58, 5. 62, 3. ἀμπελοι
51, 3. 62, 20. ἀμπέλων 50,
23.5,.,.,115186021.

ἀμφιὸήριτον 56,15.

Ἀμφιτρίτη 43, 9'.

Ἀμφιτρύωνος 63,10.

ἀμφοῖν 34, 20.

ἀμφότεροι 38, 2.
-έρους 53, 11'. 65, 3.

‹iz‘v3,.,'.,.',.,.1374672715
8‚.16 11,.1513,213,11.
17, 9. 23, 21. 26, 4. 26, 11.
30,2. 31,.13 41,1.6 46‚.9
50, 15. 60, 24 63, 12. 63, 19.
63, 22. 64, 14.66, 7. 75,18.

ἄν = ἐάν vide κᾶν.

ἀνά 15,19.54,18.

ἀναβαινόντων 61,14.

ἀναβάλλεσθαι 70, 6.

ἀναβιβάσαντος 54, 3. ἀναβι-
βασασης 5,3 23.

ἀνάγειν] ἀγοντος 24, 3. ἀνα-
γαγεῖν 64,15.76,1.

ἀναγκαίων 57, 2.

ἀναγκαιότατος 57, 20. -ον 53,
20, 21. -α 14, 6.

Ἀναγκη 13,1.

ἀνάγκην 12, 9.

ἀναγωγήν 13, 3.

ἀναδεικνυμένων 50, 22.

ἀναδίδοται codd. 47, 10. -ομέ-
νης 67, 13.

ἀναδοτικόν 53,18,19.

ἀναθήματα 62, 9.

-,α451.

