wenta-vx·- vs

«avan->5

,.--- Ὗ “ W -v--m-wu-›c- 22.„ ,- . ,,.

 

 

INDEX VERBORUM.

σθαι 31, 7. -τιθέμενοι 56, 15,
16. -ετέθη 62, 11.

συντιμᾶν 72,19. συντιμᾶται
ovvcpd'6v 67, 18. 71, 19.
συρικτήν 50,1.

Σύροις 6,11.

σύρρυσις (codd. -ρευσις) 62, 15.
συστάσεως 32, 5.

συσφίγγειν 46, 4.

σφαγιάζουσι 41, 10.
σφαγιασμοῖς 73, 4.

’σφαιροειδοῦς 56,10.

σφάλλειν 62, 5. -όμενοι 7Ο,16.
έσφιγμένον 73,10.

σχέσιν 9,19.·εων 31, 6.
σχῆμα 22,20. 56,10. 72,11.
σχήματι 23, 12. σχήματα 72, 9.
σχολαῖον 30, 20.

σώζειν 21, 10. 51, 1. 51, 16.
σώζεται 3, 9. σεσωσμένον 27,
σῶκος 21, 6.

σῶμα 62,15. σώματι 69, 20,
70, 1. -ος 26, 3. 35, 13. -ασι
63, 6. ·άτων 58, 8. 68, 1.
σώτειραν 37, 20.

σωτήρ 21, 7. 51, 15. -ῆρα9,
14. -ῆρος 51, 2.

σωτηρίας 2, 20. 48, 17.
σωτηρίους 10, 5.

Τ.

τ 43, 9.

ταλασιουργίας 38,18.
τάνθάδε 32,13.

τάξις 7, 22. -ει 12, 18. 32, 23.
ταραχάς 50, 7.

ταραχῶδες 41, 10.
ῗὲἔτχοῇἷὶσέεὲοὲ). 4οα 728,16, 17.
τάττεται 47,13. τεταγμένῃ 41,
20. τεταγμένοις 4, 2.
ταῦρος 42, 20. -οι 42, 12. ταύ-
ρους 42, 12.

119

ταυρωπούς 42,17.
τάχα3,.,1310.,.,62617
15,.8.,1613 24,.3 30,.16
32, 14. 4’1, 5. 43, 19. 45, 5.
45,19. 45,22. 50,1.50,.2
50,12.,5013.:.:.532539
59, 20. 60, 24. 63, 3. 63, 12.
66, 6. 68, 16. τάχα (δ’)έίπι
forsitan 36, 7. τάχα μέν -
τάχα δέ 33,19, 21. 35, 10,12.
ταχέως 72, 4.
τάχος 72, 5. τάχει 30,19.
ταχύ 21,15. ταχεῖαν 43,19.
ταχυτῆτος 21,14.
τε 10, 3. 19, 14. 22, 11. 26, 14.
26,16. 33, 2. 52, 14. 56, 12.
57, 3. 62, 9. 72, 6. τε ἠδε-
καί 27, 6. τε καί 15, 6. 16, 2.
26, 10. 43, 8. 46, 4. 48, 19.
52, 10. 53, 8. 53, 12. 54, 19.
68, 12. 72, 17. 76, 13, 14.
τε —— καί 3, 19, 20. 17, 2, 3.
24, 6. 26, 18, 19. 28, 16. 38,
21.40,.240,7,.,,8401112.
42, 4, 5. 46, 15. 50, 23 53,15.
55,2,.358,,78’.,608,9.
60,18.63,22. 64, 1. 68, 10,
11. 71, 20. 72, 1. 73, 17. 74,
15. τε- τε 29, 18, 20. 30, 4.
45, 24. 56, 9,10. 69, 13. τε
-τε- τε 30, 5.
τείνεται 27, 1.
τέλειος 23, 20.
-είων 10, 9
τελειοτέρα 31,13.
τελειότητα 15, 3, 4. 69, 1. -ότη-
τος 14,14.
τελειοῦσθαι 58, 11, 12.
τελεσφορεῖσθαι 73, 16. -ηθῆναι
58, 11.
τελεσφόρον 56, 7.
τελευταῖον 5, 8. 7, 17. 73, 2.
74, 5.
τελευτῶντας 75, 10. τετελευ-

-είου 10 , 7.

