120

τηκόσιν 74, 22. τετελευτηκότας
τέμνει 69, 3.

τέρπεσθαι 16,10.

τέρψιν 16,12.

Τερψιχόρη 16, 10

τετράγωνος 23,12 bis. τετρα-
γόνους 14,10.

τέτταρες 15, 2. 15, 8.

τεύχειν 13, 19.

τέχνης 71, 1. -αι 35, 2. -αις
38,17.·ας 26, 4. -ὤν 33, 6.
33,12.

τεχνικοέ 20, 14. 34, 9.

τέως 8, 1. 44, 9.

τῇ = ᾗ 22, 1'1.

τῇδε 61, 5.

Τηθύς 8, 14. 31, 2. -ύν 8,13.
τηνικαῦτα 4, 5.

τηροῦντα 51, 9. -ος 67, 22.
τύθεσθαι 6, 5. 28, 2. τεθεῖσθαι
52, 8. τεθειμένων 65, 9.
τιθῆναι 62,19.

τικτουσῶν 74, 1. τικτόμενα 74,
2. τετοκέναι 7, 8. τετοκυῖα
τιμόῖσθαι 41,12. τιμῶσι 6,13.
τιμην 24, 16. 55, 7. 76,10.
τινακτορα 42, 2.

τιννυμένου 11, 7.

τις 14, 10. 18, 4. 19, 13. 21,
5. 24, 7. 26, 5. 26, 13. 54, 2.
τι 6, 3. 6, 17. 12, 1. 18, 2.
18, 4. 19, 21. 20, 2. 20, 4.
24, 7. 24, 13. 25, 4. 26, 19.
27, 20. 29, 1. 29, 4. 30, 10.
30, 19. 31, 7. 32, 14. 35, 5.
36, 9. 36, 15. 37, 7. 39, 1.
42, 18. 44, 20. 44, 23. 50, 6.
51, 9. 51, 20. 54, 16. 57, 5.
57, 16. 58, 9. 59, 1. 59, 15.
59, 22. 64, 1. 64, 6. 64, 12.
65, 14. 68,11. 68,14. 70, 5.
70972,1Ο. 73,.6 74,2.
τινά (S.) 23, 5. 24, 13. 34, 9.

INDEX VERBORUM.

42, 9. 54, 13. τινί 47, 8. 55,
8. τινός 14, 14. 16, 7. 21, 8.
29, 1. 32, 18. 33, 21. 41, 5.
43, 8. 50, 9. 54, 3. 60, 6. 70,
13. τινές2, 6. 2, 13. 18, 7.
18,9.19,5.19,..1521,733,
16. 33,22. 41,,9.58,’.;460
4.,617.,662.,73'3.uvoe
(pl.)12, 9. 19’, 11. 30, 11. 30,
17. 31, 4. 31, 14. τινάς 6, 8.
12, 9. 25, 16. τινῶν 10, 21.
20, 12. 33, 6. 42, 8. 42, 22.

56, 20. τισί(ν) 3, 10. 15,1.”

44, 4. 57, 4. 71, 17.

’ τίσιν 11,17,18.

Τισιφόνη 11', 6.

Τιτάνων 30,1. 62, 10, 11.
τοι 68, 6.

τοίνυν 28, 3. 31, 19. 65, 1.

τοιοῦτος 14, 11, 12. ·οὗτον 6,
17. 7, 4. 19, 21. 32, 14. 36,
9. 36,15.44,20. 54,15,16.
59, 1. (masc.) 39, 14. 42, 9.
τοιούτου 21, 8. 41, 5. 70, 13.
τοιούτῳ 60, 24. τοιαῦτα 11,1.
τοιούτοις 11, 7. 47, 18. 60, 1.
64, 2. 71, 16. ·ούτων 9,18.

41,13. 45²,12. τοιαύτῃ 42,16.

47, 2. ην 11,14.36, 19. 51,

5. 53, 7. -ας 59, 4.
τοκετοί 73, 14.
τόνους 59,14.

τοξείας 48, 8.

τοξότης 47, 7. 63, 21. -ας 65, 3.

τοξότιν 71,18‚ 19

τόπος 54, 9. 67, 12. -ον 8,12.
-ου 9, 9. -ῳ 70, 5. -ων 50, 10.
τοσοῦτον 76, 9. -αὖτα 62, 22.

-ούτους 8, 8. 15, 9. 40, 1.
τόσσον 65,17.
τότε 7,12.
τουτέστι 14, 8. 30, 13.
τραγον 60, 20. 60, 25.
τραγώδη 49, 6.
τρανός 21, 2

f 4

1
4

