110
ουρανία 46, 4. οὐράνια (τά -)
17, 4. -ίων 72, 6.

οὐρανός 1,1. -όν 2, 2. 9, 8,
9. 10, 20. 17, 5. 48, 12 48,
15. -οὖ 20, 19 29, 11. 32,
11, 12. 34,3. -ῷ3,13. 46,5.
Οὖέανόν 7, 19. 18, 7. 29, 6.
29, 10. Ουρανοῦ 6,18.
ουρος 1, 4.
οὖς] ὤτων 50,14.
οὐσία 2,10. 3,19.35,15.
-ας6, 14. 28, 14. 66, 8.
οὔτε - οὔτε 10, 8. 23,15. 47,
9. ουτε-τε49, 1, 3.
οὗτος 4,17. 7,14.10,2. 17,
15. 50,15. τοῦτο 1, 3. 2, 8.
3, 6. 6,,8. 10, 9. 10, 18. 11,
8. 12, 4. 15, 18. 19, 21. 20,
11. 22, 6. 22, 9. 23, 2. 26,
17. 32, 4. 33, 2. 34, 12. 41,
21. 45, 11. 50, 12. 53, 20.
58, 5. 59, 20. 60, 22. 63, 7.
65, 2. 65, 5. 68, 8. 70, 8. 75,
2. τοῦτον 5, 5. 7, 8. 8, 12.
11, 3, 4. 26, 13. 33, 3. 44,
16. 48, 9. 49, 4. 54, 21. 63,
13. 66, 4, 5. τούτου 8, 12.
17, 19. 19, 4. 19, 6. 23, 8.
29, 5. 37, 14. 37, 17.42, 16.
43, 4. 43, 18. 45, 18. 49, 13.
52,16. 59,12. 64,10. 64,
11. 65,18. τούτῳ 32, 15. 51,
7.,675.7Ο,.57’0,ῗ.’,97118.
71, 19. 72, 20. ουτοι 30, 2.
ταῦτα4, 3. 9, 1. 30, 1. 41,
18. 57, 18. ’65, 9. 66,18.
τούτοις 11, 18. 15, 7. 31, 5.
τούτους 40, 8. τούτων 7, 21.
8,.‚1593.,.111718‚.827,
7. 29,16. 48,14. 50, 17.
59, 10. αυτη3, 5. 6, 8. 6,
11. 13,12. 37,13. ταύτην
4,.,8413.5,1’3.17‚.‚927
8 29,2. 32,.3 36,’14.40,
13.,456.48,’.,’,,Ϊ1526527

· ουτως 2, 14. 28,

INDEX VERBORUM.

53, 4. 53, 13. 53, 22. 57, 6.
66, 4. 72, 20. ταύτης 1, 3.
7,16. 34,,2 65, 21. 68,.4 73,16.

ξξύτῦις 70,14, ταύτας 62, 20.

ovw3341272 920. ’

34, 9. 48, 11. 50, 8. 75,18.
76,12.

9. 30, 8. 36,
10. 39, 21. 43, 10. 44, 7. 53.
7.,’.,’.,’.54205714756
ὀφείλουσιν 19, 5.

ὀφθαλμός 11, 20.
ὀφιοπλόκαμοι 11, 13

οφρα 29, 8. 56, 4.

ὅχευτήν 49, 9.

ὀχευτικόν 60, 25.

ὄχημα 54,1.

ὄχλήσεων 71, 4.

ὀχυρότητος 6, 5.

ὂχίρωμα 20, 23.

ὅψεως 31, 3. ὄψεις 11,12.

Π.

π 30, 12.

παγκαρπία 50, 20.

παιᾶνα 69, 17.

παιδείαν 14, 4. 15, 11. 18, 2.
33, 1. -ας 15, 17.
πεπαιδεῦσθαι 15, 7, 8. πε-
παιδευμένους 16,1.

παιδιᾶς 55, 14. 59, 6 60,14.
ω παιδίον 1,1.

παίζειν 68, 5.

παιήων 66, 2.

παικτικόν 49,17.

παῖς 47, 4. ω παῖ 28, 11. 41,
19. 52, 5. 76, 2. παίδων 31,10.
παλαι 75,1. οἷ παλαι 65,14.
παλαιᾶς 31, 16. 63, 13. -οὗ
26,16. -α 15, 8. -οῑς 26,
8. οἷ παλαιοί 16, 14. 17, 6.
21,,.1314 36,.73,”527)”,63
5,6. 75,6. 76,.3 τῶν -ῶν
30, 8. 54, 2. 64, 10.

