'763'
ι’

 

INDEX VERBORUM. 81

ἀπαντᾶν 64, 3.

ἀπαρχῆς 55, 9.

abrae]- ἁπάντων 37,1.

ἀπατᾶν 45, 22.

ἀπαύστως 11, 8. 73, 8.
ἀπαφίσκειν 4’5, 22.
ἀπελαύνοντα 65, 20, 21.
ἀπεμφαινόντων 25,12.
ἀπεργαστική 4,11,
ἀπεριγένητος 63, 1’, 2
ἀπεριλήπτων 9,17
ἀπέχεσθαι 6, 13. 55, 9.
ἁπλοῦν 66, 7. ἀπλῶν 66, 8.
027562,.12,.‚.‚2242’5.2,
13bis.‚21'7.,310.,’.23123

17. 4, 12. 7, 22. 9, 10'. 10, 6.
11, 1. 11, 2. 18, ,5. 13, 8. 13,

17. 13, 18. 13, 20. 14, 7..14,

13. 15, 5. 15, 20. 16, 2. 16,
6. 16, 11. 16, 16. 18, 10. 20,
7. 20, 22. 20, 23. 21, 1. 21,
2. 21, 5. 21, 12. 22, 7. 25, 4.
28, 8. 29, 10. 29, 13. 31, 15.
36, 5.
36, 18. 37, 19. 37, 22. 38, 3.
38, 11. 38, 13. 38, 14. 38, 17.
40, 19. 40, 20. 41, 4. 42, 10.
43, 10. 43, 19. 44, 6 bis. 44,
8. 44, 10. 44, 17. 45, 22. 47,
8. 47, 12. 48, 1. 48, 2. 48, 8.
·53, 9. 53, 13. 63, 15. 54, 5.
54, 10. 54, 19. 55, 12. 56, 21.

33, 14. 33, 21. 36, 2.

57, 5. 57, 9. 57, 10 bis. 57

Ί
11. 57, 13. 57, 14. 58, 2. 58,
4. 59, 7. 59, 8. 59, 9. 60, 8.
60, 25. 61, 19. 62, 1. 62, 2.
62, 14. 63, 3 63, 11. 65, 19.
65, 21. 71, 8. 71', 9. 74, 20.

‚,.,'.7421742275‚.375,.4
ἀποβαινόντων 33, 1.
ἀποβαλλόντων 59, 14.
ἀπόδειξιν 35, 3.
ἀποδηλοῦντος 13, 16.

, ἀποδιδόναι 33, 12. -διὸόντα 48,

10. ἀποδίδοται 47,10. -ἒδι

comm-rue, ed. Lang.

ὃονται 17, 11. 68, 2. -ομένου
38,19. -όμενα 13, 9. -δέ-
δοται 53,1.

ἀποδυσπέτησιν (κατά- -) 74,11.
ἀποθνήσκοντας 75,17.

dgfnowetv] ἀπεκόσμησεν 62,

αποκρίνεσθαι 16,18.

ἀῗὲκςέὐπτειν] ἀποκεκρυμμένου

ἀπόλαυσιν 47, 20, 21.
Ἀπόλλων 17, 14. 65, 1. 65, 17.
66, 12. 66, 15, 16. 73, 7. -οι

65, 20. 66, 3. 67, 9. -ος 67,
4, 5. 68, 6.
ἀξολδλέξνῖι 66, 3. -ύντοι 65, 1,

ἀπολυειν 73,17. ἀπολύοντα
ἴξζζὲἶῧίἒέξῖοξξῒ ἑο
ἀποπληροῦντες 22,19.
ἀπόρρητα 61,13.

ἀπόσκλησιν 70, 7.
ἀποσπασθῆναι 27, 2.
ἀπόσπασμα 26,17.
ἀποστέλλειν 65, 6. ἀπέστειλαν
ἀποτελεῖν 4,7.11,3.14,11.
72, 9. -εῖ 34, 20. -ούσης
42, 10. -εῖσθαι 4, 4. -ουμένων
42, 7. -ετέλεσε 62,16. --ετε
λέσθη 30,10.
ἀποτελεσμάτων 31, 9.
ἀποτίθεσθαι 56, 22. -τιθέμε-
νον 58,12,13. -ετέθη 62, 22.
ἀποτίνωσι 11,15.

ἄπους 23,11.23,13.
ἀπεχρήσαντο 75, 6.
ἀπροόρατον 11,17.

ἅπτειν] ἁψάμενοι 47, 9. ἧφθαι
ἀπτώτως 10,11,12.

ἄρα 43, 7.

ἀραίωσιν 28,15.

6

