,98 INDEX VERBORUM.

θεῖν 2, 13. θέουσιν 29, 9. θέ-

ουσα 73, 8.

θεῖον (τὸ -) 15, 18. 70, 5.
θεῖος] θεία 67, 14. θείου 63, 7.
θέλγει 22, 11.
θέλειν 23, 5.
12, 13. 38, 7.
θεμείλια 43, 7.
θεμελίου 7, 16. 52, 9.
θεμελιοῦχος 42, 22.

Θέμις 31, 7. -ιδῷ 57, 6.
θένεσθαι 36, 6.
θεολογίας 31, 17. 63, 13.
θεός 57, 18. 62, 17. 63, 22.
-όν 64, 16. -οῦ 11, 7. 54, 3.
(τῆς-) 54, 15. 55, 11. 63, 11.
63,17. -ῷ 9, 9. (τῇ- ——)46, 18.
50, 19. 63, 9. 68, 15. -οί3,
1. 20, 20. 39, 19. 40, 6. -οῖς

73, 5. -οντες 25,
ἤθελον 27, 5.

16,.4 24,.7 27,13. 298 72
18. -ούς2, 16. 2, 18. 16, 9.
-ὧν9, 2. 15, 16. 19, 9. 21,
18. 22, 2. 22, 18. 26, 7. 27,
7.,.,.,.35157617610

θεραπείαν 15, 16. 24, 5. -ας
(s.)76‚ 10. (pl.)70, 12.

θεραπεύει 62, 8.

θεσμοθέτιν 56,19.

θεσμόν 56, 21. -ὧν 56,18.

θετῆρες 3,1.

Θέτις 27, 11. 62, 18. -ιν 27, 3.

θεύσεως 2,17.

θεωρεῖν 15, 6. -εῑσθαι 46, 6.
-εῖται 49,19.50,1. -ρουμέ-
νην 44,11.-ε’νης 67, 20.

θεωρήμασιν 70, 18.

θεωρίαν 64, 12, 13. -ίας 23, 8.
37,15,16.

θηλυκά 15,11.

θηλυμορφος 59,12,13.

θῆλυς] θῆλυ 33, 4. 45, 4. θήλεια
66, 14. θήλειαν 36, 4. θήλειαι

θηλύτερον 64, 12.

θηλύτητος 36, 4, 5. 59, 11.

θήραν 43, 3. -ας 71, 20.

θηρίων 36, 16. 63, 20.

θηριώδεις 22, 21.

θηροκτόνον 7’1‚12.

θησαυρίζεσθαι 56, 22.

θορυβώδει 59, 21

Θρᾳκῶν 41, 1’2.

θρασύ 41, 11.

θρέμματα 62, 12. 69, 5, 6,
-ατων 50,11.

θρησκεύεσθαι 6,15.

θρίαμβος 61,19. -ον 61, 19.
-οις 61, 21.

θροεῖν 61, 20.

θυγατηρ 29,12,13. 44,20.
-τέρα 45, 2. 54, 12. 55, 5.
-τρός 40,16. -τέρας 12, 6.18,
15, 19, ⁷1.

θύειν 76, 13. -ουσι(ν) 38,15.
42, 12. 42, 22. 55, 14. 56, 6.
60, 20. -όντων 61, 4. -ομένων

θύματι 60, 24.

θυμελικα 62, 7.

θυμικούς 39,16.

θυμός 19, 14. -όν 40,18.

θύρας 61,14.

θύραζε 43, 7.

θύρσος 60, 2. -ων 60, 4.

θυσίαις 53, 14. 73, 4.

Ι.

ἰα 30,10

Ἴακχος 59, 2, 3.

ἰαμβίζειν 61, 20.

Ἰαπετός 30, 8.

ἰᾶσθαι 70, 6.

ἰατρικη 70, 9. -ήν 70, 4. -ῆς
ἰατρός 66, 2.

ἰάφετος 30,1Ο.

’Ίδην 5,17.

ἰδίει 4,14.
ἴδιον 2'2, 9. 25, 18. 45, 21. 51,

