 

INDEX VERBORUM. 89

δίκειν 71, 9.

δίκης 41, 15.

Δίκη 57, 10. Δίκης 9, 20.
δίκτυννα 71, 8.

δίμορφος 43,11.

δινεῖσθαι 31,1,2.

διό 54, 6. 65, ’13. 73, 6.
διοικητική 39, 4.

διοικοῦσα 7, 12. -ούμεθα 3, 3.
δῖον 56, 4.

διόνυξος 57, 21.

Διόνυσος 57, 17. 57, 21. 60,
8. 60, 25. 61, 12. -όνυσον
62, 7. ·νύσοὐ 59, 21. 62, 13.
62, 19. 62, 22. -ύσφ 60, 16.
διόρθωσιν 37,16.

διττόν 50, 13, 14.

δίχα 33, 21. ’57, 10.

δίχηλον 50, 13.

διώκειν 49,14. διώκουσαν 72,
3. -αι 1'1, 13.

Διώνης 45, 2.

δοκεῖν 18, '10. 39, 3. 40, 1, 2.
53,2. 54,’22. 60, 21. 69, 1. τι, 17.
δοκεῖ 23, 2. 33, 11. 36, 21.
37, 8. 45, 19. 46, 13. 49, 2.
59, 19. 64, 17. 69, 5. 73, 7.
δοκοῦσι(ν) 5, 6. 36, 13. 65, 11.
δοκοῦντα 14,14. 70, 3. δο-
κοῦντι 47,11. δοκοῦντος 38,
20. -ας 63, 7. δοκούντων 76, 1.
δόξαι 13, ’11. δόξαιεν 64, 14.
{segem 22, 16. 25, 6. 55,
17. 57, 16. 59, 22. 61, 17.

ἐξ, ἐξ. ’66 2. 75’, 15. ἔδέξαν

Δολ’ίου 25, 13.
δόμων 19, 2.
ἔδόξασαν’35, 12.
δορικέντορα 39, 7.
δοτήρ 57, 18.

δρακων 37, 7. 70, 11. δρακοντα
70, 8. δράκοντές 22, 20. 37, 5.
-κόντων 54,1.
δρᾶν 13, 14. 64, 6.
δραστικώτερον 66,13‚14.
δρέπανον 51, 6.
δύεσθαι] ἔδυ 62,17. δύσετο
δῦνέκμις 4, 12. 13,11, 45, 4.
-οἱμει 26, 3. 34, 4. 41, 20.
-οἱμεως 16,18. 51‚10. 63,15.
δύναμιν 9',19.11'‚21,12,1.
25,.12 29,.2 43,14. 46,3.
46, 6. 50,’20. 66,11. 66, 15.
71,10. -αμεις 4'8, 13.
δύνασθαι 33,21. 3'9,17. δύ-
ναιο 76, 2. δύναται 10,16.
69, 2. 74, 20. -άμενος 27, 2.
-μένους 34, 6. -μένων 19, ’12.
δυναστείας ’10, 10.
δυναστεύει 3Ο,14. ε-ύεται 30.
δυνατός 22, 15.
δύο 15, 1. 15, 5. 19, 17. 19,
18. 26, 20. -δυοῖν 69, 4. δυσί
15, 7. δύω 26,15.
δυσαναβατον 18,13.
δυσαντίβλεπτον ’36, 18.

Δ δυσδιακριτα 63, 10.

δυσετυμολόγητοῖν 36, 2.
δυσκάθεκτον 59,15.
δυσκαταγώνιστον 38, 6.
δυσλύτῳ 23, 2.
δυσξύμβλητον 57, 5.
δυσπαρακολουθήτων 8, 8.
δυσπολιόρκητον 38, 6, 7.
δυσπόριστον 56,14.
δυσφορωτάτους 36,12.
δυσχρηστίας 32,18.
δώδεκα 64, 15.'

δωρεάς 19, 3.

δῶρον 38, 21.

