 

 

INDEX VERBORUM. 99

⁷ 16. ἰδίῳ 55, 8. ἰδίων 19, 7.
55,12. κατ’ἰδιάν 20, 9. 27, 7.

. ἰδιότητα 4,16.

ἰδίως 6,15.

ἱδρύεται 53, 6. -ονται 35, 8.
ἱδρυθείς 69, 10. ἱδρῦσθαι 53,
7. ἵδρυται 23, 22. ·υνται 38,

· 5. ἴδρύσαντο 25, 14. 67, 5.

ἰέναι] ιεσθαι 47 20. ἦκα 26,15.

ἷερόν 67, 5.

ἱερός 10, 16. 68, 8. -όν 4,1 15.
·ά45, 18. ·ούς71, 20. -ας 67, 6.

ΐκανή 38, 12. -οί 76, 4.

Ἰ “ Ικεσίου 12, 4
ἴκετευόντων 12, 8.

ἰκμας42, 1. ἰκμάδος3, 11. 75, 12.
ἴλαρῳ 34,17.ἷλαρσύς 20, 5, 6.
ἱλαρότης 45,11. -τητι 60, 7.

< ἴλαρῶς 20, 5.

ἴλασκεσθαι 73, 5.
ίμας 46, 2.
Ἵμερος 47, 19.
ἵνα 19, 8. 19, 13. 19, 21.. 29,
- 7.40, 11. 69, 18.
Ἰόβακχος 59, 3.
ιππιος 43,19. ἱππιάν 39, 6.

· ιπποις 44, 1. -ους 47, 15. -ων

44, 3.

:low 22, 5.

Ἴσιδος 54,17.

ἴσον (m.) 55, 3. (n.) 58, 9.
ιστασαν 16,1.4 E'otatoct:49, 1.
ἵσταμενα ’2,15,16.ἓσταναι
19,.,20431.5’2,.652,9.

“ , ῖσωρει 28, 4. ·οῦσιν 36,1'0‚ 11.

ἱστορεῖται 7, 18. -ουμένων

63, 12.

⁸ ἴστορίας 17, 3. 63. 8.

ἴσχειν 12, 9. 75, 10.

Ϊ ἰσχύειν 21 6.

ἰσχυρός 21, 7, 8. -οἷ 63, 1.

· ἰσχύι 26, 2,. -ύος 63, 2.

ἰσχυροτατους 64,10.

’ ἴσως 17, 1. 27,13. 34, 4. 50,

15. 59, 10. 74, 19. 75⁷, 4.

Ἴφιτος 47,15.
ἰχθύος 6,12. -ύων 43, 3.
Ἴωνες 30,12.

Κ.

κ 30,12.

καθαίρειν 24,15.
καθαιρετικός 61,16.
καθάπερ 12, 19. 28, 3, 4. 35,
11. 38,.1 38,16. 44, 1. 71,15.
καθαρειον 46,10.

καθαρός 66,19. -όν 33,13.
51,.3 -01‘2'36„.89 -α31, 4.
κάθαρσιν 51, 8. -εις 68,14.

καθαρωτατῳ 68,15.
καθιεροῦσιν 21, 4. 62, 1. ·έρω-
σαν 73, 5.

καθιστάναι] καθεστώς 67,1, 2.
καθό 13, ’7. 14, 8. 21, 3. 29,
5. 35, 8. 53, 14. 55,12. 59,
19. 60, 22. ’
καθωπλίσθαι 51, 9. καθωπλι-
σμένη 36,10.

καθώς 22, 5.

καί passim. καί = vel 22, 7.
κακεῖνον 7, 8. κάκεῖσε 61, 5.
καὶ γάρ 3,14 4, 9. 18, 1.
21,14,15. 22, 5 23, 9. 25,
17. 34, 13. 36,16. 42, 19.
44, 19. 66, 4. καὶ-γάρ 2,
14, 15. 22, 14. 37, 20, 21.
καὶ-δέ 5, 7. 7, 4. 20, 8.
21, 8. 28, 10. 32, 8. 39, 1.
39, 13. 40, 8. 47, 17. 61, ⁶22.
62,16. 69,14. 70, 12.
καί-καί 52, 11, 12. 74, 24.
76, 3, 4.

καίνυσθαι] κεκασμένος 46, 2.
καιόντων 75, 1. καιομένῳ 34,
5. κεκαῦσθαι 75, 3.

καίπερ 36, 4. 68, 11.

καιρόν 20, 3. 55,13. -ῷ 20,
5. -οῖς 76,15. -ούς 51,19.
καίτοι 75, 5.

7*

