„fle-v*

INDEX VERBORUM.

τρεῖν 37, 12.
τρεῖς 13, 3. 15, 2. 15, 3. 19,

18. 19, 19. τρία 15, 4. 37, 15.

72, 9. τριῶν 13, 11. 69, 2.
69, 3.

τρέμειν 37, 13.

τρέπειν 71,13. -ων 22,17.

τρέφειν 52,10.-οντας 66, 12.
-εσθαι 52,18. -εται 53, 3.
45⁹5”⁰22‘.J..¹.2’..¹⁷÷0 ,τῗῖῗρεπα

τριάδος 15, 3.

τρίαινα 43, 2. -αν 43, 6.

τρίβεται 54, 4. τρίψας 54, 7, 8.

τρίγλαν 73, 5.

τρίμορφος 72. 8.

τριοδῖτις 72, 13.

τριόδων 72, 14.

τρίπους 69, 1.

Τριπτόλεμος 53, 23.

τρισσόν 13, 4.

Τριτογένεια 37,11,12.

τρίτον 72,10. -η 13, 9. -ην 20,

4. 74, 2.

Τρίτων 43, 9.43, 11.

τριχῶς 72, 14.

τρόπαια 39, 8.

τροπαιοῦχον 9,16.

τρόπον 13, 3. 26, 13. 32, 23.
42, 21. 44, 17. 52, 10. 54, 4.
κατα τρόπον 27,11. 76,14,
τρόπου 22, 17. 59, 19. -ῳ31,
16. 55, 8.

τροφή* 53, 21. -ήν 56, 15.
τροφοῦ 40,16.

τρυγητής 62, 20.

τρυομένη 37,10.

τρυφερόν 18,12.

τυγχάνειν 13,12. 15, 20. τυγχά-

νει 20, 18. 57, 21. 68,13.
-άνων 23, 20, 21. ἔτυχε 1, 3.

τυχόν (for'te) 23, 20. οι τυχόν-

τες 76, 3. τυχοῦσα 29, 5. τε-
τευχέναι 66,1. -ότα 19, 20.
τυμπάνοις 5,14. ω-ν 59, 2.3

121

τυπους 6, 9.
τύχης (ἐκ -) 15,11.
Τύχη 13,18.

Y.

υβρεως 7,19. -εις 60, 7.
ὑγιείας 69, 20.

Τγίειαν 21, 11.

ὑγιεις 65,1'9.

ὑγρασίας 44, 24, 45, 1.
ὑγρόν 27, 9. 28, 8. 41, 20.
43, 13. 45, 3. 66, 6. ὑγροῦ
4,12. 29,14. 32, 2. ὑγραῖς
υδωρ 4,10. 6,14. 28,13.
42,14. 60, 15. -άτων 42, 5.
ὑέτιος 9, 12.

υἱός 40,14. 55, 17. 63,10.
υἷόν2, 7. 4, 9. 44,1.0 47,
3. 70, 3.

ὑλακτειν 72, 1.

υλη 53, 1. υλῃ 13,16. υλης
4, 4. 33, 20. 50, 9. υλαις
71, 16.

ὑμνεῖται 17, 2.

ὑμνοῦσα 17, 1.

υμνους 15,16.

υνεως.Ι 54, 22.

ὑπάντρων 50, 10.

ὑπάρχων 21, 7. 49, 2. 51, 15.
61 17. 63, 3. ὑπάρχον 10,11.
ὑπέρο. acc. 9,6. 9,.9 54,18.
ὑπέρ c. gen. 6⁹3, 18.
ὑπεράνω 30,17.

ὑπερβολήν 21, 6.

Τπερίων 30,17.
ὑπερμαχητική 39, 4.
υπνωοντας 22,13.

ὑπόο. acc. 54, ’19. 68, 2. 74, 7.
ὑπό c. dat. 60, 5.

ὑπό ο. gen. 3, 3. 6, 2. 7, 5.
7, 9. 10, 20. 11, 8. 14,1.
16,8. 19,17. 19,18. 22,21.

