 

INDEX VERBORUM. 125

8. 35, 5. 36, 7. 37,11. 37,
19. 38,18. 39, 2. 39, 21.
40,1. 40,16 ter. 42, 3. 42,
20. 43,.1 43,.5 44,13. 45,
9. 46,’9. 47,’6. 47,’.13 47,
22. (--ἐπίπαν) 51, 5’. 51,10.
52, 2. 53,10. 57,1. 60,18.
6ο,19. 6'1, 19. 61,14. 61,
99. 69, 16. 64, 4. 64, 5.
64,16. 65, 9. 65,14. 65,
20. 67, 4. 67, 19. 67, 91.
69, 5. 69, 11. 69, 9ο. 71,11.
73,14. 74,6. 74,12. 74,17.

75, 7. 76, 12.

ὦσᾶνὸ, 4. '13‚ 14. 21, 7. 23,

10. 25, 7. 27, 16. 31, 12.
33,17. 33, 22. 3,7 3. 42,17.
42, 23. 59, 13. 60, 5. 66, 8.
ὡσανεί 37, 10. 41, 2. 46,11.
52, 8. 58, 2. 59, 11. 61, 8.
ὡσαύτως 68,1.

ωσπερ 3,3. 13, 21. 32, 20,
35, 4. 44, 18. 48, 8. 56, 13.
chemmin, 6. 39, 19. v. l. 32, 20.
mors 23,13. 56,15. 63,10.
65, 6. 68, 14. 71, 16.
αξφελητικήν 43,13.

ωφελίμως 19, 11. 20, 2.

