84 INDEX VERBORUM

15. 19, 22. 20, 12. 20, 15.
33, 8. 38, 19. 40, 3. 42, 18.
43, 10. 48, 4. 49, 11. 55, 1.
56,.,.,.,.,957961862662
8. 62, 15.65, 10. 67,19. 69,
19. 71, 1. 76, 8. 76, 11.

ὁ εῄαὖτός 41, 19. 49, 1. 49, 5.
ἡ αὐτή 13, 11. 35, 7. 73, 7.
ταύτό 19, 6. 62, 14. τῆς αὖ-
τῆς 51,10. 63, 9. τὸν αυτὸν
7, 3. 24, 6. τοῦ αὐτοῦ 44,
9. 45, 2. 69, 19. τὰ αυτοὶ
αὑτῇ 5,1. αὑτήν 13,14. αὑ-

τῆς 44, 17. αὑτὸν 20, 4, 5.
24, 14 35, 21. αὑτοῦ 31, 16.

αὑτοὶ 69, 6. αὑταῖς 73, 9.
αὐτῶν 15, 15. 16, 9. 59, 24.
οἷφαιρεῐν] ἀφῄρουν 55, 11, 12.
οἷφανίζεται 7, 4.
ἀφανισμόν 54, 14.
ἄφεσιν 65, 3, 4.
αφθαρτος 2, 8.
οἷφθονίαν 56², 13, 14. -ας 55, 15.
οἷφθόνως 52,12.
αφίδρυμα 24, 18.
ἀφιέναι 59, 6. 62, 2. 65, 6.
άφιεμένης 41, 9.
ἄφορᾶν 15,17. ἀπιδών 56, 3.
ἀφοσιούμενοι 46,18.

αφροδισίους 46, 7. ι’ων 45,17.

Ἀφροδίτη 45, 3.
19. -ης 45,18. 46,14. 47, 3.
αφροὸίτην 34, 9.
ἄφρονέστερον 33, 4.

αφρόν 44, 19. -οὖ 44, 21.
αφρώδη 45, 5.

αφρων] α”φρονας 45, 7.
αχαριστηθείς 20,17.

ᾅχειρ 23,11.23, 13.

οἷΑχερουσία (-λίμνη) 74, 23.
Ἀχέρων 74, 22.

Ἀχιλλέα 65,15.

ἄχος] οἳχῶν 74, 23.

-ῃ55, 2', 3.
-ην 34, 7. 44, 22. 47,

αχραντον 73,19.
αχρηστον 40, 9, 10.
ἀχύρων 54, 6.
ἀχωρίστους 15,14,15.
άώροις 23, 21.

Β.

βαβάκτης 59, 3.

βάζειν 62, 2.

βαθέως 3⁷1,1.

βαθυδίνης 31, 1.

βαίνειν] βεβηκέναι 49, 2.
βάκτρον 70,12. βάκτρου 33,
22. βάκτροις 10,12.

Βάκχαι 60,19.61,10.
Βάκχος 59, 2.

βάλλειν 71, 7. 71, 8. 71, 9.
βασιλείας 7, 20.

βασιλεύειν 3, 6, 7. 3, 8. βα-
σιλεῦσαι 7, 9.
βασιλεῦσιν 17, 10.
βασιλικόν 10,11.
βάσεις 23,14.
βασσαρέα 62, 1.
βαστάζοντα 48,12.
βέλος 10, 13. -ὧν 64, 2.

βία 17, 8. 59, 14. βίαν 44, 11.
βιαζόμενοι 60,14.

βίαιον 34,17. 42,18. βιαίους
39,16.44,12.

βιαιότερον 62, 6.

βίος 17, 13. βίον 16, 4. 26,
4. 32, 19. 54, 11. 56, 24.
βίου 15, 18. 16, 11. 37, 21.
βλάβη 41, 1.
Ι71,14,
βλάπτειν 21, 9.
βλαπτικήν 43,14.

τα βεβοημένα 31,17.

βοράν 27,16.

βότρυς 62, 4. 62, 13.
βουλαῖον 9,16.

βούλεται 22,17. -όμενοι 71
13. -ομένων 71, 1, 2. βου«
ληθέντος 76, 8.

-ῆες 68, 7.

-ην 65‚10‚ 11.

